-0.121673 -0.0608364 -0.0405576 -0.0413425 -0.0581699 -0.0484749 -0.0415499 -0.0267428 -0.0371454 -0.0334309 -0.0342469 -0.0313929 -0.0234635 -0.0258485 -0.0241253 -0.0226174 -0.021287 -0.01469 -0.0139169 -0.013221 -0.0125915 
-0.0107285 0.00247602 0.00237285 0.00296991 0.00285568 0.00274991 0.00297673 0.00287409 0.00316561 0.00306349 0.00296776 0.00287782 0.00279318 0.00271338 0.00263801 0.00256671 0.000187583 0.000182773 0.000178204 0.000173857 
0.00189549 0.00468499 0.00457851 0.00447677 0.00547828 0.00536172 0.0127476 0.0124875 0.0159681 0.0156805 0.0153789 0.0150888 0.0123286 0.0121044 0.0118883 0.0115195 0.0113209 0.011129 0.0109435 0.00988374 
0.0116822 0.0108868 0.0105093 0.00875908 0.00930806 0.00928927 0.0108246 0.0106677 0.014323 0.0141212 0.0139251 0.0137343 0.0135487 0.0133681 0.0131922 0.0130209 0.0145201 0.0150119 0.014884 0.0147003 
0.0141146 0.0126683 0.0185422 0.0173916 0.0167107 0.0165186 0.0164949 0.01596 0.0157827 0.0156093 0.0148082 0.014649 0.0150503 0.0148918 0.0151116 0.014679 0.0153684 0.0152131 0.015061 0.0148807 
0.0147348 0.0145917 0.0204825 0.0202875 0.0200961 0.0199083 0.0197239 0.019543 0.0193653 0.0191908 0.0190974 0.0189284 0.0198095 0.0186127 0.0184522 0.0182945 0.0181238 0.0179715 0.0178217 0.0164665 
0.0163315 0.0161988 0.0160681 0.0159396 0.0163804 0.0162515 0.0161245 0.0160396 0.0159162 0.0156216 0.0155032 0.0153866 0.0156292 0.0155134 0.0153994 0.0160058 0.0158898 0.0157755 0.0164251 0.0163086 
0.0164887 0.015875 0.0157647 0.015656 0.0155488 0.0142535 0.0141572 0.0140622 0.0145178 0.0144217 0.0150356 0.0149374 0.0148404 0.0129666 0.0128835 0.0134563 0.0144604 0.0147647 0.0167109 0.0166071 
0.0165046 0.0164033 0.0162662 0.0161967 0.0170371 0.0169351 0.0169104 0.0168104 0.0167115 0.0166138 0.0185048 0.0183979 0.0182921 0.018087 0.0179842 0.0178826 0.0177821 0.0193629 0.0187133 0.0186099 
0.0185077 0.0184065 0.0176046 0.0174795 0.0173855 0.0178221 0.0177273 0.0176335 0.0175016 0.0175554 0.0174639 0.0183556 0.0182722 0.0181785 0.0180857 0.0178596 0.0173823 0.0163354 0.0162537 0.0155353 
0.0154584 0.0155133 0.0154372 0.0153619 0.0154181 0.0153951 0.0151382 0.015147 0.0153103 0.0152378 0.0151659 0.0150947 0.0146817 0.0146134 0.0145458 0.0144787 0.014662 0.0174042 0.0173251 0.0169987 
0.0172925 0.0172149 0.0171381 0.0178805 0.0176709 0.0177381 0.017803 0.0177252 0.0183355 0.0182561 0.0184831 0.0184037 0.0186551 0.0185757 0.018497 0.0184189 0.0183415 0.0181651 0.0180894 0.0180143 
0.0178819 0.0178083 0.0177354 0.0174847 0.0173563 0.0172864 0.0169845 0.0169162 0.0166906 0.0166241 0.0165387 0.0166382 0.0165727 0.0165077 0.0153268 0.0153064 0.0162881 0.0162252 0.0161628 0.0161009 
0.0160394 0.0159784 0.0160988 0.016191 0.0161301 0.0160697 0.0160097 0.0159502 0.0158058 0.0158918 0.0164307 0.0163705 0.0163107 0.0162514 0.0162798 0.0162211 0.0161627 0.0162004 0.0161425 0.0160851 
0.016028 0.0159714 0.0159152 0.0152306 0.0151774 0.0151245 0.0156093 0.0152754 0.0152228 0.0153196 0.0152671 0.015215 0.0151632 0.016172 0.0161174 0.0160631 0.0160092 0.015959 0.0159475 0.0158945 
0.015937 0.0158844 0.0158321 0.0157802 0.0157286 0.0156774 0.0155302 0.0151035 0.0151709 0.0151222 0.0150737 0.0153808 0.0153318 0.0148614 0.0148144 0.0146069 0.014561 0.0145153 0.0144718 0.0144268 
0.014382 0.0143364 0.0149298 0.0148805 0.0146789 0.0148772 0.0148318 0.0147868 0.0147419 0.0146974 0.0146531 0.0145794 0.0149284 0.0149796 0.0149616 0.0149172 0.0147797 0.0147361 0.0146928 0.0146654 
0.0146225 0.0145799 0.0145623 0.01452 0.0144781 0.0144048 0.0139916 0.0137319 0.0154248 0.0154515 0.0155106 0.0154153 0.0153717 0.0153804 0.0153372 0.0152942 0.0153128 0.0152701 0.0152277 0.0151855 
0.0151436 0.0151018 0.0146533 0.0146977 0.0146575 0.0146604 0.0147352 0.0146952 0.0146555 0.0146193 0.0146935 0.0146533 0.0146141 0.0145752 0.0145364 0.0146411 0.0146023 0.0144924 0.0144543 0.0153989 
0.0153586 0.0153185 0.0152786 0.0152389 0.0151192 0.0150801 0.0150412 0.0146813 0.0146437 0.0147339 0.0146963 0.0146682 0.014631 0.0148161 0.0147787 0.0147414 0.0147044 0.0146683 0.0146316 0.0145951 
0.0146594 0.0143879 0.014502 0.0140724 0.0140377 0.0146838 0.0146478 0.0146736 0.0146379 0.0144989 0.0142307 0.0141963 0.014162 0.0141189 0.0146296 0.0147012 0.0146661 0.0146311 0.0145962 0.0140036 
0.0142168 0.0141832 0.0141497 0.0141164 0.0138302 0.0134011 0.0133698 0.0133386 0.0133076 0.0132574 0.0132267 0.0131961 0.0132386 0.0132082 0.0131779 0.0130593 0.0130295 0.0129998 0.0126185 0.0125861 
0.0128025 0.0131252 0.0130956 0.0130662 0.0130369 0.0128222 0.0127936 0.0127651 0.0127367 0.0121641 0.0121371 0.0121104 0.0120837 0.0122465 0.0122889 0.0128974 0.0128693 0.0127008 0.012629 0.0125773 
0.0125501 0.0128554 0.0128277 0.0128001 0.0127727 0.0127453 0.0127181 0.012691 0.012489 0.0124625 0.0129491 0.0125591 0.012555 0.0125286 0.0125023 0.0125404 0.0132578 0.0132302 0.0134624 0.0134268 
0.013399 0.0133713 0.0133436 0.01333 0.0134843 0.0134582 0.0134306 0.013373 0.0133457 0.0130402 0.0124755 0.012339 0.0121868 0.0121621 0.0121376 0.0120979 0.0120736 0.0120494 0.0120027 0.0119787 
0.0119549 0.0119311 0.0119074 0.0119787 0.0120766 0.0120528 0.0122076 0.0121563 0.011948 0.0119246 0.01186 0.0118368 0.011899 0.0118759 0.0116377 0.0114548 0.0114327 0.0118986 0.0119592 0.0119362 
0.0119134 0.0117471 0.011684 0.011812 0.0115814 0.0115594 0.0115375 0.0115157 0.011494 0.0114723 0.0114508 0.0116125 0.0115907 0.0120699 0.0120474 0.012025 0.0120026 0.0119803 0.0124637 0.0124407 
0.0131566 0.0131118 0.0130877 0.0131134 0.0130894 0.0130655 0.0130416 0.0130179 0.0129942 0.0129922 0.0135428 0.0134754 0.0134496 0.0132635 0.0132397 0.0132159 0.0133441 0.0134088 0.013359 0.013332 
0.0133082 0.0132846 0.013261 0.0132359 0.0132126 0.0131892 0.0131676 0.013386 0.0133102 0.0132824 0.0131974 0.0132939 0.0131583 0.0131355 0.0127741 0.012752 0.0126462 0.012272 0.0122509 0.0124853 
0.0124768 0.0124554 0.012434 0.0124128 0.0123916 0.0123705 0.0123494 0.0123285 0.0123041 0.0122833 0.0122626 0.0122419 0.0122213 0.0123325 0.0124329 0.0123666 0.012491 0.0126881 0.0117125 0.011693 
0.0116736 0.0116542 0.0116127 0.011708 0.0116887 0.0116694 0.0116502 0.0116311 0.011612 0.011593 0.0115741 0.0115552 0.0115364 0.0113309 0.0112379 0.0115953 0.0111248 0.0111213 0.0110738 0.0109787 
0.010961 0.0109999 0.010962 0.0106159 0.0104994 0.0104827 0.0103993 0.0103828 0.0103663 0.0103761 0.0104396 0.0104231 0.0104067 0.0103294 0.0103132 0.0101663 0.010617 0.0106356 0.0107388 0.010722 
0.0107053 0.0106887 0.0106721 0.0106555 0.010639 0.011249 0.0112316 0.0112143 0.0111971 0.0111799 0.0111627 0.0111456 0.0110793 0.0110624 0.0110455 0.0111488 0.0111318 0.0115638 0.0115462 0.0116343 
0.0115669 0.0115281 0.0115107 0.0114664 0.0117233 0.0117057 0.0116882 0.0119874 0.0116947 0.0116772 0.0116821 0.0116647 0.0116474 0.0116302 0.011613 0.011321 0.011371 0.0113782 0.011312 0.0110712 
0.011055 0.0110388 0.0110219 0.0110058 0.0109898 0.01103 0.011014 0.0112209 0.0111997 0.0109832 0.0109066 0.0108908 0.0108752 0.0108736 0.0110131 0.0109973 0.0110166 0.0114077 0.0111767 0.0110377 
0.0110097 0.010994 0.0116027 0.0115862 0.0115698 0.0117144 0.0115493 0.011533 0.0115168 0.0115006 0.0117043 0.0116899 0.011836 0.0118023 0.0117858 0.0117693 0.011753 0.0117539 0.0117376 0.0117213 
0.0117051 0.0116889 0.0117098 0.0116937 0.0116776 0.0116615 0.0115628 0.0118035 0.0117873 0.0117712 0.0116445 0.0116286 0.0115669 0.0115511 0.0115354 0.0115409 0.0112565 0.0112413 0.0112165 0.0112014 
0.0111863 0.0111712 0.0112038 0.0111887 0.0113132 0.0113047 0.0114095 0.0113943 0.0114041 0.0113957 0.0113788 0.0113637 0.011399 0.0115585 0.0115326 0.0115502 0.011535 0.0115198 0.0115468 0.0121423 
0.0121233 0.0116536 0.0116383 0.0116231 0.0115517 0.0115543 0.0115859 0.0115708 0.0114964 0.0114559 0.0114411 0.0114263 0.0114115 0.0113968 0.0113821 0.0113674 0.0113528 0.0113383 0.0113237 0.0113092 
0.0112948 0.0120214 0.0120061 0.0121175 0.0119965 0.0119812 0.0119046 0.0118895 0.0118745 0.0120365 0.0120826 0.0120674 0.0120522 0.012037 0.0120219 0.0120068 0.0126655 0.0126496 0.0126338 0.012618 
0.0126023 0.0125866 0.0126005 0.0125849 0.0125692 0.0125225 0.012519 0.0125036 0.0124881 0.0124727 0.0124574 0.0126048 0.0125893 0.012763 0.0134695 0.0132167 0.0132005 0.0131802 0.0131361 0.0132788 
0.0132809 0.0132647 0.0132486 0.0132326 0.0132166 0.0129321 0.0127833 0.0127234 0.012708 0.0126927 0.0125977 0.0125826 0.0125893 0.0125944 0.0126116 0.0125965 0.0125315 0.0124488 0.0125874 0.0125724 
0.0125151 0.01291 0.0128947 0.0128794 0.0128401 0.0128249 0.0128098 0.0127947 0.0127811 0.0127661 0.0127405 0.0127256 0.0127107 0.0126919 0.0127321 0.0127172 0.0126937 0.0127204 0.0125643 0.0122662 
0.0124092 0.0123948 0.0123804 0.0124483 0.0125323 0.0125179 0.0124308 0.0124165 0.0123369 0.0121928 0.0121788 0.0121649 0.012151 0.0120557 0.0119798 0.0119661 0.0119525 0.0119389 0.0119253 0.0119049 
0.0118914 0.0118779 0.0118094 0.0116217 0.0116085 0.0115955 0.0116705 0.0116574 0.0117919 0.0117787 0.0117655 0.0118311 0.0116954 0.0118545 0.0118412 0.011744 0.0117309 0.0117178 0.0117582 0.0117451 
0.0117321 0.0117331 0.0118444 0.0118364 0.0118234 0.0118103 0.0118096 0.0117555 0.0117402 0.0118393 0.0118263 0.0118133 0.0118004 0.0117672 0.0116979 0.0114745 0.0115422 0.0115297 0.0115642 0.011089 
0.011077 0.0110811 0.0110142 0.0107929 0.0107957 0.0112613 0.0113349 0.0113227 0.0113351 0.0113221 0.0113168 0.0113531 0.0113039 0.0112918 0.0112797 0.0112677 0.0112557 0.0112437 0.0111998 0.0107541 
0.0107427 0.0106889 0.0106775 0.0106662 0.010655 0.010616 0.0103705 0.0103595 0.0105226 0.0105197 0.0105087 0.0104655 0.0103712 0.0103603 0.0103256 0.0103148 0.0106661 0.0106549 0.0106438 0.0106328 
0.0107695 0.0107583 0.0107471 0.010736 0.0107249 0.0107138 0.0107027 0.0106917 0.0106806 0.0106696 0.0106587 0.0105731 0.0110025 0.0109912 0.0109799 0.011034 0.0111448 0.0111334 0.0111221 0.0111107 
0.0110826 0.0110692 0.0110579 0.01107 0.0110746 0.0110634 0.0110255 0.0110144 0.0110014 0.0110159 0.0110048 0.0109868 0.0109758 0.0109647 0.0109607 0.0109497 0.0109387 0.0109843 0.0109727 