0.491334 1.11731 0.824488 0.618366 0.512422 0.43575 0.3735 0.326813 0.501171 0.932016 0.847288 1.01681 0.938591 0.871549 0.813446 0.763723 0.704324 0.687049 0.680464 0.646441 0.690439 
0.671053 0.641555 0.614823 0.59023 0.766236 0.907111 0.950537 0.91776 0.887168 0.85855 0.83172 0.806517 0.782795 0.76043 0.737162 0.735912 0.716546 0.698173 0.686871 0.677163 
0.66104 0.709275 0.693156 0.71518 0.698674 0.683809 0.669334 0.655674 0.642561 0.629962 0.616403 0.604773 0.595374 0.592125 0.605906 0.600666 0.592414 0.585244 0.624249 0.613455 
0.603561 0.660719 0.650395 0.640389 0.630686 0.621273 0.612137 0.602258 0.593654 0.585293 0.577163 0.569257 0.572555 0.564921 0.557488 0.550248 0.543194 0.536318 0.529614 0.623131 
0.615532 0.608116 0.61122 0.604029 0.597006 0.590143 0.5955 0.586105 0.579593 0.573411 0.567178 0.56015 0.554191 0.548711 0.546379 0.540746 0.535229 0.529822 0.56095 0.554188 
0.548754 0.543427 0.538201 0.54903 0.553037 0.547885 0.561641 0.556488 0.575817 0.570271 0.56518 0.560178 0.570318 0.565981 0.561102 0.556306 0.551592 0.546956 0.548575 0.544826 
0.54036 0.536024 0.533178 0.528912 0.524714 0.520583 0.516516 0.512632 0.508688 0.520797 0.516852 0.513712 0.509879 0.515235 0.511446 0.531371 0.527521 0.523726 0.521238 0.530874 
0.556527 0.555873 0.566505 0.569851 0.565947 0.562097 0.5583 0.555149 0.552664 0.549004 0.547136 0.543559 0.54003 0.536546 0.533106 0.535441 0.532052 0.528706 0.525401 0.522923 
0.528351 0.534514 0.531218 0.527998 0.524818 0.521675 0.52321 0.520114 0.517054 0.529728 0.526648 0.523604 0.520594 0.51762 0.514679 0.525657 0.522703 0.527133 0.524205 0.521298 
0.518433 0.515854 0.51401 0.516521 0.516683 0.51392 0.534923 0.552529 0.548761 0.545888 0.542191 0.553033 0.550182 0.54736 0.545817 0.543046 0.540303 0.53741 0.534624 0.531304 
0.536744 0.537261 0.534627 0.532019 0.529437 0.526879 0.524346 0.521837 0.521739 0.519267 0.516817 0.514391 0.511987 0.509606 0.507246 0.504909 0.504984 0.51485 0.512916 0.512083 
0.51222 0.509923 0.507647 0.50539 0.503154 0.502797 0.500592 0.498406 0.496239 0.494677 0.492545 0.490431 0.492731 0.490634 0.488555 0.487564 0.485515 0.483484 0.481469 0.4804 
0.478415 0.476446 0.490019 0.490157 0.488164 0.486842 0.484879 0.482932 0.496619 0.49464 0.492677 0.49073 0.488798 0.486881 0.48847 0.48657 0.483446 0.483874 0.482013 0.487416 
0.485556 0.483709 0.481877 0.480059 0.481442 0.482346 0.480547 0.482825 0.485097 0.483262 0.481485 0.479799 0.482322 0.480568 0.491372 0.489598 0.488676 0.486924 0.485755 0.493496 
0.491746 0.490009 0.488283 0.48657 0.484869 0.483179 0.483711 0.482038 0.480375 0.478725 0.478562 0.476929 0.475135 0.473524 0.471925 0.473141 0.471758 0.477507 0.475916 0.481823 
0.484909 0.482671 0.489823 0.489171 0.487573 0.485984 0.484406 0.482839 0.481687 0.482561 0.481014 0.479477 0.47795 0.47793 0.476418 0.477924 0.476421 0.474928 0.474343 0.472772 
0.471304 0.469845 0.468395 0.466953 0.465778 0.464353 0.462938 0.461531 0.460132 0.459598 0.46048 0.459857 0.45943 0.458059 0.459902 0.459437 0.465857 0.464483 0.465003 0.46364 
0.462854 0.461505 0.460163 0.465515 0.464125 0.462787 0.461457 0.460135 0.45882 0.457587 0.462716 0.461405 0.470527 0.469201 0.468041 0.470553 0.469317 0.46801 0.46671 0.465417 
0.464131 0.462852 0.462678 0.461411 0.46015 0.458896 0.457649 0.456409 0.455175 0.453949 0.452728 0.451515 0.450307 0.450405 0.450056 0.451873 0.450678 0.452901 0.453231 0.452042 
0.450858 0.449681 0.44851 0.447345 0.446186 0.445033 0.448469 0.447316 0.446169 0.445522 0.444386 0.443255 0.442553 0.441433 0.440318 0.439252 0.438149 0.437051 0.437432 0.436341 
0.435256 0.434176 0.433101 0.432032 0.430967 0.429909 0.428652 0.427604 0.443916 0.442836 0.441761 0.453191 0.453173 0.457258 0.456159 0.455065 0.458131 0.460623 0.459526 0.458882 
0.45988 0.460237 0.464519 0.463426 0.462339 0.461256 0.460178 0.459183 0.458115 0.457053 0.45638 0.455932 0.46257 0.461056 0.459998 0.458906 0.457858 0.456816 0.455777 0.454744 
0.453715 0.452691 0.453561 0.452541 0.451527 0.450517 0.449511 0.44851 0.447513 0.448414 0.447422 0.446591 0.446045 0.448042 0.446707 0.44573 0.444256 0.443288 0.442615 0.441655 
0.440699 0.439532 0.440419 0.439472 0.438529 0.43759 0.437121 0.436259 0.435331 0.434407 0.434455 0.433536 0.436949 0.439979 0.439054 0.438134 0.437217 0.444831 0.443904 0.442981 
0.442062 0.441147 0.442478 0.441566 0.440657 0.439753 0.438851 0.438084 0.441725 0.440826 0.44008 0.439187 0.439368 0.43848 0.437596 0.436716 0.435839 0.43512 0.43425 0.433383 
0.433391 0.433481 0.432621 0.431764 0.430911 0.430061 0.430698 0.429852 0.429009 0.42817 0.431489 0.430648 0.42981 0.43567 0.434825 0.433984 0.443032 0.442161 0.441016 0.442182 
0.441335 0.441918 0.441074 0.440234 0.439693 0.438818 0.442694 0.442183 0.443872 0.443036 0.442203 0.448077 0.447237 0.446402 0.446195 0.445364 0.444536 0.443981 0.443159 0.442394 
0.442311 0.442389 0.441576 0.440766 0.439983 0.439179 0.438251 0.437502 0.436707 0.435914 0.435329 0.434541 0.433757 0.432975 0.432197 0.431421 0.431101 0.43033 0.429561 0.429938 
0.429173 0.42841 0.427651 0.426894 0.42677 0.431676 0.431774 0.431015 0.430259 0.431177 0.432777 0.432022 0.43434 0.433585 0.434569 0.433819 0.433068 0.432221 0.431431 0.434248 
0.433502 0.433139 0.432398 0.431658 0.434327 0.433587 0.437337 0.436594 0.435949 0.435212 0.43611 0.435101 0.434381 0.433651 0.432923 0.432198 0.431475 0.431267 0.430548 0.429832 
0.429118 0.429992 0.42928 0.42857 0.428072 0.427642 0.426918 0.431881 0.431173 0.43894 0.438222 0.446843 0.446115 0.44539 0.445771 0.446663 0.44594 0.44522 0.444502 0.448053 
0.447333 0.446572 0.445857 0.445143 0.445232 0.444522 0.44452 0.447171 0.446461 0.445754 0.445048 0.451749 0.451037 0.450327 0.453102 0.46034 0.459619 0.467015 0.466285 0.469721 
0.468989 0.469336 0.468607 0.467881 0.468055 0.472493 0.473816 0.473086 0.480087 0.479349 0.478614 0.477795 0.477065 0.476336 0.47561 0.496429 0.495674 0.494922 0.494172 0.493425 
0.492679 0.495421 0.494675 0.49443 0.493688 0.492948 0.49352 0.492782 0.497105 0.497907 0.497166 0.496427 0.495691 0.497453 0.499297 0.49856 0.501498 0.501713 0.50065 0.501527 
0.500791 0.500058 0.499327 0.498598 0.501781 0.502434 0.501744 0.501015 0.500558 0.499834 0.500258 0.500916 0.500371 0.499651 0.503792 0.503412 0.50269 0.501971 0.501236 0.502586 
0.50187 0.501156 0.503806 0.503404 0.502691 0.505067 0.504353 0.503642 0.505957 0.505245 0.504535 0.503828 0.50349 0.502786 0.504322 0.503816 0.504 0.503299 0.502574 0.501903 
0.501207 0.500279 0.500948 0.502685 0.501993 0.501302 0.500614 0.499927 0.499242 0.498697 0.498016 0.497336 0.496659 0.495983 0.494937 0.494266 0.493596 0.492928 0.492688 0.492033 
0.49137 0.490709 0.493069 0.492407 0.491747 0.491089 0.490432 0.489777 0.490817 0.490408 0.489756 0.489105 0.488457 0.487869 0.487223 0.48658 0.485938 0.485297 0.484659 0.486067 
0.48543 0.484806 0.48505 0.485524 0.485909 0.485532 0.484928 0.486131 0.4855 0.48487 0.484241 0.483614 0.484801 0.484176 0.483552 0.484031 0.48583 0.485794 0.485171 0.48455 
0.483931 0.485833 0.485213 0.484595 0.483979 0.483725 0.483393 0.48278 0.482364 0.481754 0.481147 0.480611 0.480006 0.480395 0.480218 0.482318 0.482074 0.481899 0.481297 0.480696 
0.483364 0.482763 0.482162 0.481563 0.484152 0.483543 0.482944 0.482347 0.481752 0.481158 0.480263 0.480772 0.480953 0.480363 0.479775 0.479187 0.478602 0.478499 0.478234 0.477652 
0.477005 0.476602 0.476023 0.476082 0.475505 0.47493 0.474357 0.473785 0.473214 0.472644 0.472076 0.471509 0.47099 0.470426 0.470751 0.470135 0.469725 0.469165 0.468606 0.468049 
0.467493 0.4672 0.466646 0.466914 0.466362 0.465811 0.465262 0.464714 0.464167 0.463622 0.463078 0.462535 0.461993 0.46157 0.480121 0.479561 0.479002 0.478444 0.477888 0.477333 
0.476779 0.476226 0.475675 0.475125 0.475565 0.475017 0.482136 0.481581 0.481027 0.480504 0.479953 0.479403 0.481642 0.481091 0.480542 0.480474 0.479926 0.47938 0.479181 0.478637 
0.478094 0.477553 0.477013 0.476397 0.477662 0.477052 0.476514 0.476053 0.475518 0.474984 0.474451 0.47392 0.47339 0.472876 0.47256 0.472033 0.47145 0.470926 0.470402 0.46988 
0.46936 0.468837 0.468345 0.469478 0.46896 0.468443 0.468967 0.468451 0.467936 0.467422 0.46691 0.466399 0.468472 0.4684 0.467889 0.467973 0.467463 0.466997 0.466663 0.466157 
0.465651 0.465146 0.464946 0.464443 0.464911 0.464409 0.467967 0.467695 0.467193 0.466691 0.467891 0.46739 0.467079 0.466579 0.46667 0.468496 0.468405 0.47084 0.472683 0.47218 
0.471608 0.471108 0.470609 0.470071 0.469574 0.469535 0.471299 0.470802 0.470307 0.470833 0.470339 0.473476 0.47298 0.472485 0.476578 0.476911 0.476399 0.475902 0.475371 0.476965 
0.477465 0.477097 0.476602 0.476108 0.475615 0.475123 0.474856 0.474366 0.474781 0.474292 0.473765 0.473278 0.473602 0.473116 0.472632 0.472148 0.472592 0.47211 0.471648 0.471107 
0.470628 0.470072 0.470101 0.469623 0.471511 0.471034 0.470557 0.470081 0.470091 0.469617 0.469143 0.468671 0.468258 0.467788 0.467303 0.467021 0.466553 0.466086 0.46562 0.465285 
0.464821 0.464703 0.46424 0.463728 0.464075 0.463614 0.463154 0.462695 0.462549 0.461754 0.461297 0.460842 0.460387 0.459931 0.459221 0.459798 0.460406 0.459955 0.459504 0.46198 
0.465424 0.464969 0.464515 0.4644 0.463948 0.463591 0.463538 0.463088 0.463411 0.462956 0.462508 0.462874 0.462426 0.461979 0.461533 0.461088 0.461139 0.462314 0.463269 0.462824 
0.466528 0.466081 0.465634 0.46712 0.466674 0.466228 0.465783 0.465374 0.46679 0.466346 0.465669 0.465302 0.46486 0.464419 0.465329 0.466602 0.467432 0.466943 0.466503 0.466063 
0.465624 0.465186 0.464749 0.465 0.464564 0.464128 0.463694 0.463421 0.463921 0.463535 0.463103 0.462894 0.462463 0.462002 0.461572 0.461343 0.460996 0.465183 0.464793 0.464363 
0.463934 0.463505 0.463695 0.463268 0.462841 0.462415 0.46199 0.46184 0.461416 0.460993 0.460593 0.460172 0.459751 0.460311 0.459891 0.459472 0.458944 0.458605 0.458188 0.457771 
0.457356 0.456941 0.456528 0.456195 0.455811 0.455399 0.455609 0.455054 0.454644 0.454249 0.45384 0.456942 0.457528 0.457118 0.456708 0.460392 0.462511 0.462121 0.461709 0.461297 
0.460885 0.460475 0.462718 0.462307 0.461896 0.464021 0.46361 0.463199 0.462789 0.46238 0.462552 0.462144 0.461737 0.46137 0.463039 0.462626 0.462478 0.462072 0.465169 0.46576 
0.465352 0.464945 0.464539 0.464236 0.46408 0.465775 0.465369 0.465223 0.465319 0.470157 0.469749 0.469341 0.469271 0.468864 0.468459 0.468175 0.467771 0.467367 0.466964 0.466562 
0.46616 0.46576 0.465359 0.465012 0.464613 0.464215 0.463865 0.463488 0.464948 0.464481 0.464543 0.464147 0.465568 0.465172 0.471664 0.473326 0.474393 0.476143 0.47574 0.475276 
0.474874 0.474473 0.474072 0.474568 0.4755 0.476091 0.476102 0.478421 0.478019 0.477673 0.477272 0.476872 0.476473 0.476074 0.477506 0.477149 0.476751 0.476353 0.475956 0.475305 
0.475815 0.475419 0.475024 0.474695 0.474301 0.47391 0.474859 0.474466 0.474074 0.474611 0.474219 0.473828 0.473438 0.473048 0.478728 0.478335 0.477942 0.477831 0.47744 0.477039 
0.476648 0.47734 0.480867 0.480673 0.480697 0.480306 0.480081 0.479691 0.479301 0.479007 0.478619 0.47823 0.477843 0.477813 0.478821 0.478434 0.480932 0.481112 0.480668 0.480287 
0.480853 0.480467 0.48008 0.479695 0.47931 0.478925 0.479894 0.47951 0.479126 0.478743 0.478361 0.477979 0.477598 0.477631 0.477738 0.477759 0.479372 0.479148 0.478765 0.478385 
0.478006 0.477628 0.47725 0.478638 0.478259 0.480264 0.480293 0.479915 0.479592 0.479215 0.478838 0.479029 0.47865 0.478274 0.478347 0.478218 0.477843 0.47747 0.477316 0.476988 
0.479119 0.478746 0.478412 0.478332 0.47796 0.477589 0.477218 0.476912 0.476542 0.476173 0.475805 0.475485 0.476118 0.477211 0.476843 0.476583 0.47799 0.478212 0.478238 0.478384 
0.478017 0.477623 0.479429 0.479062 0.478711 0.479135 0.478768 0.478403 0.478038 0.477673 0.477309 0.477894 0.477571 0.477326 0.476964 0.477636 0.47726 0.476898 0.476537 0.476176 
0.475765 0.476056 0.475696 0.475931 0.475572 0.475214 0.475681 0.475311 0.474953 0.474597 0.475466 0.475109 0.474761 0.47545 0.476411 0.476054 0.475646 0.475291 0.474936 0.474582 
0.474228 0.473999 0.473416 0.473064 0.472666 0.472315 0.472168 0.47182 0.471471 0.471122 0.470933 0.470585 0.472185 0.473429 0.47308 0.472731 0.472439 0.472091 0.471744 0.471398 
0.472219 0.471872 0.471342 0.471168 0.470823 0.470479 0.472446 0.472101 0.471985 0.472198 0.471853 0.47151 0.471167 0.470824 0.470482 0.47014 0.469799 0.469458 0.469599 0.469259 
0.468919 0.468637 0.470787 0.470447 0.470183 0.469844 0.469506 0.470697 0.47113 0.470791 0.470681 0.470343 0.470586 0.470249 0.469903 0.469566 0.469346 0.469011 0.468675 0.468341 
0.468098 0.46911 0.471822 0.471525 0.471189 0.470854 0.47052 0.471101 0.470767 0.470475 0.470703 0.473255 0.47359 0.473406 0.473088 0.472755 0.472423 0.47209 0.471993 0.471661 
0.471329 0.473139 0.473086 0.472754 0.472723 0.472686 0.472355 0.473685 0.473772 0.473441 0.4731 0.47277 0.472441 0.472111 0.471783 0.472288 0.47196 0.471632 0.471305 0.470977 
0.470825 0.473143 0.47283 0.473322 0.474568 0.477819 0.477489 0.477159 0.477531 0.484613 0.484282 0.484754 0.484421 0.483871 0.483539 0.483207 0.482876 0.48252 0.482189 0.484726 
0.484395 0.484064 0.483733 0.483403 0.483073 0.483848 0.487315 0.486983 0.486655 0.486324 0.485994 0.485664 0.485334 0.485005 0.484645 0.484619 0.484291 0.486882 0.487581 0.487251 
0.486923 0.486594 0.486266 0.485939 0.485816 0.485659 0.485333 0.485007 0.486142 0.486692 0.48727 0.48697 0.491621 0.493789 0.493459 0.493845 0.493551 0.493297 0.493175 0.492846 
0.492518 0.492191 0.491942 0.491615 0.491288 0.492641 0.494145 0.493817 0.49349 0.496281 0.495953 0.498141 0.497812 0.497483 0.498389 0.497982 0.497929 0.498041 0.497713 0.497386 
0.497059 0.496694 0.496623 0.496296 0.49597 0.495646 0.495321 0.494993 0.494669 0.494346 0.494023 0.493657 0.493335 0.493013 0.492693 0.494113 0.493792 0.493471 0.493767 0.493447 
0.493127 0.492807 0.492488 0.492251 0.493098 0.49278 0.493346 0.493067 0.492763 0.494419 0.494109 0.493791 0.493474 0.493156 0.492839 0.492523 0.492482 0.49444 0.494123 0.493789 
0.493505 0.494843 0.494527 0.494195 0.49388 0.49386 0.493545 0.494885 0.494566 0.494275 0.493961 0.493647 0.493333 0.49302 0.492707 0.492774 0.492203 0.491891 0.491728 0.491417 
0.493949 0.493637 0.493586 0.493275 0.492964 0.492653 0.492343 0.492033 0.491724 0.494622 0.494313 0.494002 0.493692 0.493383 0.493074 0.492765 0.492457 0.496415 0.496731 0.496421 
0.497631 0.498161 0.501444 0.501132 0.50093 0.502135 0.502047 0.501735 0.501423 0.501112 0.500801 0.502295 0.502015 0.501704 0.504744 0.504503 0.504191 0.50388 0.503578 0.504 
0.503689 0.503379 0.503069 0.502759 0.502498 0.502184 0.501875 0.501567 0.501305 0.500998 0.503372 0.503176 0.502868 0.50302 0.502633 0.502326 0.50202 0.502172 0.501866 0.50156 
0.501254 0.505093 0.506547 0.506239 0.505932 0.505601 0.505393 0.505972 0.505625 0.505337 0.505011 0.504706 0.506424 0.506033 0.505727 0.505422 0.505117 0.504959 0.50466 0.504356 
0.503993 0.50369 0.506035 0.506021 0.505977 0.505673 0.50537 0.505068 0.504765 0.504463 0.504161 0.50386 0.503559 0.503258 0.502958 0.502658 0.502364 0.502065 0.502065 0.501948 
0.50165 0.501351 0.501219 0.500921 0.500588 0.500292 0.499995 0.500711 0.500415 0.500119 0.500344 0.500049 0.499754 0.499459 0.499254 0.499311 0.499636 0.499341 0.499439 0.503834 
0.503538 0.503471 0.503176 0.50288 0.502577 0.502283 0.501989 0.501695 0.502238 0.502979 0.502685 0.503397 0.503769 0.503925 0.503632 0.503728 0.503435 0.503142 0.503132 0.503813 
0.504004 0.503711 0.503827 0.503592 0.5033 0.503009 0.504297 0.503957 0.503666 0.503456 0.503166 0.503247 0.502953 0.502663 0.502374 0.502084 0.501795 0.501864 0.501575 0.50399 
0.503793 0.503504 0.503215 0.503471 0.503182 0.502894 0.502607 0.502319 0.502032 0.501745 0.501447 0.501161 0.500876 0.500641 0.501352 0.501066 0.500781 0.500496 0.500212 0.500083 
0.499927 0.500089 0.499805 0.499527 0.499245 0.49995 0.500389 0.500107 0.499801 0.499519 0.499212 0.49893 0.498649 0.498703 0.498564 0.498315 0.498035 0.497755 0.497475 0.504484 
0.504201 0.503918 0.504074 0.504804 0.504608 0.504515 0.504233 0.503985 0.503703 0.503489 0.51341 0.513124 0.512838 0.512552 0.512274 0.511989 0.511704 0.511577 0.511532 0.511297 
0.511013 0.51073 0.510447 0.511173 0.51089 0.510908 0.510703 0.510421 0.510139 0.509857 0.509612 0.509338 0.509057 0.50957 0.509288 0.509008 0.508728 0.508448 0.508169 0.50789 
0.508213 0.509085 0.511295 0.511061 0.510781 0.510501 0.510222 0.509943 0.509651 0.509457 0.509179 0.508901 0.508624 0.508796 0.50869 0.508344 0.508067 0.507957 0.50768 0.507362 
0.507528 0.507253 0.506978 0.506703 0.506428 0.506154 0.505939 0.505666 0.505392 0.506411 0.506192 0.505918 0.505984 0.505711 0.505439 0.505167 0.504946 0.504674 0.504403 0.504132 
0.503938 0.503667 0.503397 0.503127 0.502885 0.502615 0.502718 0.502417 0.502149 0.50188 0.501612 0.501344 0.501077 0.50081 0.500543 0.500279 0.500012 0.499746 0.499481 0.500972 
0.502386 0.50212 0.503858 0.503591 0.505258 0.504991 0.504722 0.504455 0.504188 0.503921 0.503655 0.503353 0.503881 0.503615 0.50335 0.503084 0.502819 0.502555 0.504245 0.50398 
0.503715 0.50368 0.503453 0.503189 0.502925 0.502661 0.502398 0.502134 0.501872 0.501609 0.501347 0.501084 0.5012 0.501178 0.500917 0.503593 0.503573 0.503287 0.503025 0.502763 
0.50262 0.502358 0.502097 0.501837 0.508038 0.508002 0.507739 0.507476 0.507262 0.506999 0.507808 0.507691 0.507429 0.507166 0.508411 0.508402 0.508179 0.508318 0.50821 0.508051 
0.507789 0.507528 0.507267 0.507579 0.507362 0.50842 0.508391 0.510891 0.510838 0.510576 0.510443 0.510182 0.509943 0.509682 0.509422 0.509161 0.508901 0.51077 0.510509 0.510199 
0.51054 0.51028 0.511362 0.511102 0.510842 0.510634 0.510374 0.510115 0.513891 0.513631 0.51337 0.51311 0.515771 0.515862 0.515601 0.51534 0.519651 0.519624 0.519713 0.519803 
0.519541 0.519279 0.519017 0.519316 0.519055 0.518794 0.518533 0.518272 0.518011 0.517751 0.517491 0.517232 0.517218 0.51703 0.517407 0.517148 0.516917 0.516659 0.5164 0.516142 
0.515883 0.51764 0.517382 0.51703 0.516773 0.516515 0.516452 0.516362 0.516105 0.518214 0.517956 0.517699 0.517442 0.517983 0.518218 0.517927 0.518276 0.51802 0.517763 0.517536 
0.51728 0.517024 0.516769 0.516514 0.516259 0.516004 0.515749 0.515495 0.515241 0.514988 0.514734 0.514481 0.514228 0.513975 0.513724 0.513531 0.513841 0.513589 0.513473 0.513965 
0.513736 0.514415 0.514163 0.513912 0.514859 0.514607 0.515258 0.515006 0.514755 0.514527 0.515909 0.516051 0.5158 0.515549 0.515298 0.515124 0.514873 0.515306 0.515056 0.514806 
0.516743 0.517284 0.517033 0.516783 0.516533 0.516283 0.51606 0.51581 0.515636 0.515387 0.516648 0.516399 0.516208 0.516468 0.516219 0.516747 0.517645 0.517663 0.517415 0.518648 
0.519215 0.518966 0.518717 0.518468 0.51822 0.518058 0.517809 0.517884 0.517731 0.517481 0.519894 0.519646 0.519715 0.519467 0.519219 0.518972 0.518745 0.518498 0.518251 0.518004 
0.51791 0.517793 0.518328 0.518082 0.517836 0.51759 0.517345 0.517099 0.516854 0.516653 0.51641 0.516161 0.515917 0.515673 0.516379 0.516135 0.515892 0.515648 0.515405 0.515188 
0.514946 0.516214 0.515976 0.515781 0.515535 0.515293 0.515054 0.514812 0.51457 0.514365 0.514201 0.513971 0.51413 0.51389 0.513649 0.5135 0.51326 0.514719 0.514479 0.514239 
0.513993 0.513754 0.513514 0.513275 0.513036 0.512797 0.512894 0.512939 0.516165 0.515929 0.515689 0.515449 0.51521 0.514971 0.514737 0.515151 0.515293 0.515055 0.514816 0.514578 
0.516304 0.516065 0.515827 0.515796 0.516412 0.516174 0.516298 0.516499 0.516831 0.516593 0.516284 0.516046 0.515889 0.515559 0.515322 0.515085 0.514849 0.514617 0.514452 0.514424 
0.514189 0.514124 0.514544 0.514471 0.514236 0.514001 0.513766 0.513531 0.513297 0.514315 0.514246 0.514012 0.514522 0.514395 0.514161 0.513927 0.513693 0.51346 0.513226 0.512993 
0.51276 0.512527 0.512295 0.512062 0.511862 0.51163 0.51158 0.511349 0.511117 0.510886 0.510655 0.510424 0.510194 0.514008 0.51382 0.513588 0.513357 0.513549 0.513318 0.513948 
0.513823 0.513592 0.513705 0.513474 0.513254 0.513024 0.514211 0.51398 0.515366 0.515135 0.514904 0.515662 0.515432 0.515201 0.516247 0.517449 0.517381 0.518 0.517769 0.517527 
0.517296 0.517174 0.516975 0.516744 0.517127 0.516896 0.516896 0.516667 0.516437 0.51673 0.5165 0.516271 0.516042 0.515813 0.516097 0.515868 0.51589 0.515661 0.515433 0.515205 
0.514977 0.515139 0.515054 0.514831 0.514585 0.515145 0.514918 0.514691 0.515069 0.514843 0.514616 0.51448 0.514253 0.514836 0.514609 0.514475 0.514249 0.515617 0.515386 0.51516 
0.514934 0.514709 0.515832 0.515606 0.515797 0.515747 0.515521 0.515518 0.515252 0.515027 0.514755 0.514531 0.514306 0.514141 0.513935 0.516736 0.516512 0.516304 0.516598 0.51716 
0.517086 0.516897 0.516673 0.516449 0.517664 0.517572 0.517645 0.519011 0.518811 0.518587 0.518362 0.517956 0.517732 0.517509 0.517365 0.517142 0.516919 0.516696 0.516473 0.516251 
0.516494 0.516271 0.516049 0.515827 0.515604 0.51589 0.515841 0.515668 0.516181 0.515959 0.515738 0.515517 0.51533 0.515164 0.516342 0.516121 0.516275 0.516971 0.520792 0.52057 
0.520419 0.52077 0.520547 0.520491 0.523462 0.5232 0.522977 0.522754 0.522812 0.52259 0.522395 0.52343 0.523207 0.522985 0.522763 0.522541 0.52232 0.522013 0.52198 0.521759 
0.521556 0.521335 0.521115 0.521159 0.520939 0.520719 0.52057 0.52035 0.52013 0.520363 0.520144 0.519925 0.520503 0.520284 0.520747 0.520988 0.520816 0.520597 0.521953 0.522297 
0.522097 0.523922 0.523702 0.523485 0.523371 0.524312 0.524093 0.523873 0.523654 0.523883 0.523815 0.523637 0.523372 0.523264 0.524649 0.524538 0.52432 0.524101 0.523883 0.524319 
0.523939 0.523768 0.523544 0.523658 0.523951 0.523757 0.523532 0.523315 0.523098 0.523645 0.523893 0.523676 0.523459 0.524719 0.524502 0.524437 0.525304 0.525069 0.524852 0.524635 
0.524419 0.524306 0.524089 0.524086 0.52405 0.524228 0.524013 0.523797 0.523581 0.523578 0.523415 0.5232 0.522985 0.522771 0.522556 0.522341 0.522127 0.522313 0.522362 0.522148 
0.522012 0.521799 0.521585 0.521782 0.521621 0.521504 0.521291 0.521415 0.521246 0.521034 0.520821 0.520609 0.521079 0.520861 0.521104 0.520907 0.520695 0.520484 0.52163 0.522919 
0.522707 0.522519 0.524925 0.524833 0.524804 0.526019 0.526145 0.526048 0.525872 0.525684 0.525472 0.525259 0.525047 0.525669 0.525713 0.525501 0.525134 0.524922 0.525476 0.525264 
0.525053 0.524841 0.524631 0.52442 0.524209 0.523998 0.523795 0.523468 0.523258 0.523048 0.523904 0.523693 0.523474 0.523264 0.523056 0.523173 0.522904 0.522694 0.523283 0.523074 
0.522865 0.522656 0.522733 0.522651 0.522442 0.522266 0.522058 0.52185 0.522153 0.521945 0.521736 0.521658 0.521451 0.521616 0.52174 0.521533 0.521288 0.521081 0.520874 0.520669 
0.520463 0.520257 0.520437 0.520219 0.520013 0.519805 0.520899 0.520693 0.520487 0.520281 0.520128 0.519922 0.521443 0.521237 0.521031 0.520826 0.520621 0.520658 0.520873 0.520668 
0.520463 0.520241 0.520103 0.51995 0.519797 0.519582 0.520027 0.519823 0.520166 0.520164 0.519961 0.519798 0.519595 0.519419 0.519216 0.519013 0.51917 0.519246 0.51923 0.519031 
0.51939 0.519187 0.519185 0.518982 0.518955 0.519484 0.519275 0.519832 0.51963 0.519427 0.519324 0.519122 0.519709 0.519507 0.520983 0.520781 0.520579 0.521339 0.521754 0.521523 
0.521322 0.52112 0.521251 0.521049 0.520844 0.520642 0.520441 0.52024 0.520521 0.520302 0.520102 0.519869 0.519668 0.519468 0.519331 0.519131 0.518932 0.518731 0.518555 0.518355 
0.518174 0.517997 0.517798 0.518614 0.518511 0.518774 0.518575 0.518377 0.518178 0.51798 0.517977 0.517779 0.517542 0.517344 0.517146 0.516948 0.516751 0.516554 0.516357 0.516337 
0.51614 0.516039 0.515843 0.515626 0.51543 0.516534 0.516307 0.516118 0.515868 0.515642 0.515463 0.515275 0.51508 0.514884 0.515258 0.515797 0.515717 0.515521 0.515326 0.515188 
0.516343 0.516147 0.516026 0.515831 0.51554 0.515513 0.515318 0.515123 0.514929 0.514727 0.514989 0.514794 0.5146 0.514533 0.51434 0.514146 0.514767 0.514593 0.5144 0.514208 
0.514104 0.513911 0.513722 0.513505 0.513312 0.513427 0.513234 0.513042 0.51285 0.512658 0.512466 0.512275 0.512465 0.512273 0.512082 0.511891 0.511699 0.511503 0.511312 0.511121 
0.511009 0.510819 0.5108 0.510609 0.51065 0.510503 0.510313 0.511373 0.511736 0.512426 0.512731 0.512541 0.513327 0.513137 0.512934 0.512744 0.512673 0.513012 0.512822 0.513051 
0.512871 0.512627 0.512437 0.512308 0.512335 0.512146 0.511957 0.511768 0.511573 0.511384 0.511159 0.51097 0.510782 0.510594 0.510406 0.510218 0.51003 0.509843 0.509655 0.509468 
0.509631 0.509443 0.509327 0.50914 0.509208 0.509022 0.508835 0.508648 0.509141 0.508955 0.508789 0.508603 0.50898 0.50869 0.508504 0.508319 0.508133 0.507948 0.507762 0.507577 
0.507392 0.507207 0.507022 0.506837 0.508692 0.508507 0.508575 0.508986 0.508879 0.508735 0.50855 0.508373 0.508188 0.508004 0.50782 0.508395 0.508211 0.508027 0.507843 0.507659 
0.507853 0.507961 0.507777 0.507594 0.50741 0.507406 0.507222 0.506936 0.506753 0.50657 0.506388 0.506211 0.506028 0.505846 0.507807 0.507625 0.507442 0.50786 0.508833 0.50865 
0.508468 0.508285 0.508102 0.50792 0.507738 0.507555 0.507373 0.507191 0.50701 0.506828 0.506646 0.506465 0.507009 0.506828 0.506773 0.507219 0.507037 0.506936 0.506755 0.506574 
0.506633 0.506452 0.508479 0.509254 0.509064 0.508882 0.508701 0.50852 0.508933 0.508752 0.508579 0.508404 0.508223 0.508042 0.507862 0.508698 0.508857 0.508676 0.508496 0.508316 
0.508136 0.509415 0.509566 0.509602 0.509422 0.509242 0.509062 0.508882 0.508753 0.508783 0.508603 0.508423 0.508977 0.508797 0.508618 0.508439 0.508254 0.508121 0.507889 0.50771 
0.507576 0.507398 0.507247 0.507069 0.506891 0.508237 0.508058 0.50788 0.508002 0.507898 0.50772 0.507542 0.508026 0.507848 0.507793 0.507616 0.508584 0.508406 0.508905 0.508726 
0.508548 0.509544 0.509366 0.509188 0.509072 0.508878 0.5087 0.508523 0.510038 0.50986 0.510084 0.509907 0.509729 0.509552 0.509375 0.509228 0.509051 0.508874 0.508697 0.509343 
0.509167 0.50899 0.510569 0.510392 0.510215 0.510038 0.509821 0.509645 0.509468 0.509292 0.512272 0.512094 0.511918 0.512358 0.512246 0.512984 0.513045 0.512868 0.512674 0.512497 
0.51232 0.512153 0.512067 0.51189 0.511714 0.511538 0.511362 0.511186 0.510996 0.510821 0.51078 0.510612 0.510546 0.510371 0.510195 0.510021 0.510327 0.510153 0.50999 0.509945 
0.50988 0.509706 0.509531 0.509357 0.509567 0.51023 0.51018 0.509802 0.509628 0.509454 0.509278 0.509269 0.511314 0.511444 0.51127 0.511096 0.510919 0.510745 0.510772 0.510598 
0.510425 0.510251 0.511191 0.511017 0.510844 0.511045 0.510872 0.510759 0.510763 0.51059 0.510538 0.513279 0.513116 0.513911 0.513771 0.514041 0.513867 0.51387 0.513696 0.513499 
0.513326 0.513209 0.513055 0.512885 0.512712 0.512539 0.512367 0.512194 0.512022 0.511849 0.51172 0.514177 0.514178 0.514005 0.513832 0.51366 0.513754 0.513582 0.515173 0.517138 
0.516965 0.516769 0.516563 0.51639 0.516541 0.516368 0.516195 0.516022 0.51585 0.515677 0.515505 0.515333 0.515186 0.515014 0.515002 0.514842 0.51467 0.514498 0.514327 0.514155 
0.514966 0.514892 0.515191 0.51502 0.514848 0.514677 0.514605 0.515184 0.515013 0.515248 0.515077 0.515737 0.516629 0.516458 0.516274 0.516102 0.51654 0.516502 0.516331 0.51616 
0.515989 0.516054 0.515884 0.515713 0.515543 0.515553 0.515396 0.515226 0.515056 0.514886 0.515127 0.515528 0.51536 0.515195 0.515078 0.515021 0.514851 0.515492 0.515323 0.515541 
0.515359 0.515189 0.51502 0.514851 0.514682 0.514513 0.514344 0.514175 0.514007 0.513838 0.513749 0.513667 0.513737 0.513868 0.5137 0.513678 0.51351 0.513342 0.513426 0.51414 
0.513972 0.514891 0.514836 0.514842 0.514661 0.515038 0.514871 0.514703 0.514535 0.514368 0.5142 0.514033 0.513866 0.513699 0.513532 0.513387 0.51322 0.513054 0.51289 0.513246 
0.513348 0.513181 0.513015 0.513112 0.512946 0.51278 0.512614 0.512448 0.512249 0.512084 0.511918 0.511752 0.511587 0.511422 0.511257 0.511811 0.511646 0.511481 0.511362 0.511209 
0.511045 0.511432 0.51134 0.511175 0.51101 0.510846 0.511558 0.511393 0.511229 0.511788 0.512475 0.512327 0.512306 0.512142 0.511977 0.512837 0.512723 0.512559 0.513259 0.513095 
0.51293 0.512766 0.512602 0.512438 0.512274 0.51211 0.512441 0.512277 0.512278 0.512137 0.511968 0.511813 0.511824 0.512917 0.512753 0.512589 0.512426 0.512263 0.5121 0.511937 
0.511774 0.51318 0.513116 0.513135 0.513075 0.512912 0.512749 0.512586 0.512442 0.512279 0.513348 0.513186 0.513068 0.512906 0.512743 0.512581 0.512856 0.512694 0.513535 0.513739 
0.513715 0.513628 0.51351 0.513348 0.513982 0.51382 0.513658 0.513496 0.513334 0.513129 0.512933 0.512771 0.512637 0.512574 0.51289 0.513827 0.514184 0.514183 0.514021 0.51534 
0.515178 0.515601 0.515439 0.516663 0.516501 0.517135 0.516973 0.516811 0.516649 0.516555 0.516393 0.516231 0.51607 0.515978 0.515817 0.515655 0.515558 0.515805 0.515975 0.515814 
0.515653 0.515494 0.51592 0.517849 0.5177 0.517538 0.517377 0.518279 0.518271 0.518137 0.517976 0.517815 0.517889 0.517728 0.517536 0.517375 0.517554 0.517425 0.517264 0.517164 
0.517077 0.516938 0.516778 0.516617 0.516457 0.516374 0.516515 0.516355 0.516266 0.516765 0.516605 0.517157 0.517357 0.517197 0.517037 0.517066 0.516906 0.516746 0.516681 0.516522 
0.516363 0.516203 0.51615 0.516005 0.515846 0.515687 0.515528 0.515583 0.51543 0.515271 0.517229 0.517298 0.517382 0.517223 0.517064 0.517493 0.517334 0.517175 0.517016 0.517112 
0.516953 0.516795 0.516743 0.516926 0.516824 0.516729 0.51657 0.516412 0.516254 0.516164 0.516 0.515843 0.515677 0.51552 0.515363 0.51558 0.515423 0.515266 0.515108 0.515113 
0.515056 0.514941 0.515096 0.514939 0.514782 0.514626 0.514469 0.514313 0.514376 0.514567 0.514411 0.514254 0.514253 0.51439 0.514234 0.514088 0.513909 0.513754 0.513598 0.513442 
0.513287 0.513708 0.513927 0.513771 0.513616 0.513552 0.513397 0.51323 0.513075 0.51292 0.51278 0.513531 0.513474 0.513319 0.513165 0.51301 0.512855 0.512698 0.512437 0.512283 
0.512129 0.511974 0.51182 0.511666 0.511449 0.511295 0.511142 0.510988 0.510835 0.510681 0.511486 0.511582 0.511534 0.511593 0.511458 0.511331 0.511977 0.511824 0.513358 0.513335 
0.514085 0.513931 0.514006 0.513813 0.513757 0.513829 0.513675 0.513522 0.513369 0.513215 0.513062 0.512909 0.512779 0.512792 0.512639 0.51254 0.512454 0.512301 0.514201 0.51405 
0.51387 0.513718 0.513565 0.513412 0.51326 0.513107 0.512955 0.512935 0.512783 0.512672 0.51252 0.512368 0.512847 0.513074 0.512922 0.51277 0.512634 0.512482 0.51233 0.513804 
0.513776 0.513608 0.513457 0.513327 0.513175 0.513023 0.512872 0.512795 0.512644 0.512493 0.512341 0.51219 0.514223 0.514072 0.51392 0.513769 0.513945 0.513793 0.513734 0.513583 
0.513432 0.513321 0.51317 0.513019 0.512875 0.512725 0.512575 0.512424 0.513464 0.513314 0.513163 0.513013 0.512863 0.512897 0.512747 0.512596 0.512636 0.512486 0.512587 0.51244 
0.51229 0.512141 0.514014 0.513864 0.513824 0.513674 0.513919 0.513769 0.514241 0.514091 0.514141 0.513991 0.513841 0.513692 0.514071 0.513974 0.513824 0.513829 0.51368 0.513531 
0.514687 0.514538 0.516456 0.516349 0.516621 0.516471 0.517066 0.516937 0.516787 0.517188 0.517039 0.516889 0.516739 0.516643 0.516494 0.517374 0.518743 0.51879 0.518566 0.518417 
0.518267 0.518103 0.517953 0.517804 0.519798 0.519648 0.519496 0.519346 0.519196 0.519031 0.518881 0.518732 0.518583 0.518399 0.51825 0.518601 0.518659 0.518614 0.519105 0.520224 
0.520075 0.520205 0.520055 0.519993 0.520276 0.520258 0.520109 0.519959 0.51981 0.519662 0.519513 0.519364 0.519215 0.519414 0.519266 0.519117 0.518967 0.519122 0.518973 0.518825 
0.518677 0.519002 0.518854 0.518706 0.519967 0.519819 0.51989 0.520756 0.520608 0.521452 0.521259 0.521335 0.521332 0.521183 0.521035 0.520887 0.521427 0.521739 0.521682 0.521576 
0.521428 0.52128 0.521132 0.52099 0.520842 0.52072 0.520573 0.522835 0.522687 0.522539 0.523125 0.523468 0.523315 0.523393 0.523245 0.523097 0.522958 0.522817 0.522862 0.522715 
0.522554 0.522406 0.522259 0.522112 0.521964 0.521817 0.52167 0.521703 0.521727 0.5217 0.521553 0.521656 0.522023 0.521918 0.521771 0.521624 0.52158 0.521512 0.521479 0.521333 
0.521186 0.52104 0.520894 0.520748 0.520602 0.520456 0.52031 0.520164 0.520215 0.520069 0.519924 0.519786 0.519647 0.519502 0.519397 0.519316 0.519171 0.519026 0.518881 0.518736 
0.518591 0.519127 0.518989 0.518844 0.519183 0.519038 0.518894 0.518749 0.518605 0.51843 0.518286 0.518141 0.518902 0.519042 0.518897 0.518951 0.518807 0.518733 0.518589 0.518445 
0.519072 0.518928 0.518784 0.51864 0.518496 0.518531 0.518312 0.518235 0.518091 0.517947 0.517804 0.517661 0.517518 0.517421 0.517278 0.517135 0.517069 0.517869 0.51775 0.518388 
0.518936 0.519231 0.519074 0.519619 0.519476 0.519333 0.51919 0.519046 0.518899 0.518756 0.519096 0.518931 0.518788 0.518645 0.518528 0.518386 0.518243 0.518101 0.518124 0.517944 
0.517839 0.517696 0.517554 0.517412 0.51727 0.517129 0.516987 0.516845 0.516704 0.516602 0.517034 0.516892 0.516751 0.517586 0.517444 0.517303 0.517161 0.517254 0.517099 0.51711 
0.517842 0.517701 0.517696 0.517555 0.517413 0.517272 0.517131 0.51701 0.516971 0.51683 0.51669 0.517864 0.517723 0.517637 0.517606 0.517687 0.517547 0.517406 0.517265 0.517125 
0.516984 0.516844 0.516704 0.516563 0.516423 0.516876 0.516983 0.517047 0.516918 0.516778 0.516638 0.517124 0.51752 0.51749 0.51735 0.51721 0.51713 0.517203 0.517064 0.516924 
0.516784 0.516657 0.516597 0.516477 0.516394 0.516403 0.516264 0.516125 0.515986 0.515846 0.516072 0.515933 0.515794 0.515656 0.515517 0.515378 0.515239 0.515101 0.514962 0.515417 
0.515286 0.515828 0.516156 0.516215 0.516298 0.516159 0.516026 0.515888 0.515749 0.515611 0.515473 0.515883 0.515745 0.515693 0.515555 0.515417 0.51598 0.515836 0.515698 0.515834 
0.515718 0.515564 0.515528 0.51539 0.515253 0.515115 0.515555 0.51537 0.515233 0.515095 0.514958 0.515152 0.515015 0.515099 0.515653 0.515673 0.515536 0.515399 0.515262 0.515125 
0.515048 0.514996 0.514859 0.514722 0.514555 0.514418 0.514282 0.514145 0.514009 0.513873 0.513736 0.513765 0.513629 0.515312 0.515348 0.515212 0.515076 0.515718 0.515581 0.515445 
0.515309 0.515172 0.515036 0.5149 0.514764 0.514677 0.515015 0.514879 0.514747 0.514611 0.515278 0.515324 0.515188 0.515052 0.51513 0.514994 0.514859 0.514723 0.514578 0.514443 
0.514308 0.51462 0.514485 0.51435 0.514236 0.514768 0.516668 0.516659 0.516523 0.516388 0.516252 0.516075 0.51594 0.515804 0.515669 0.515552 0.515404 0.515269 0.515122 0.514987 
0.514852 0.514738 0.514604 0.514444 0.514319 0.514185 0.514062 0.513826 0.51406 0.513926 0.513792 0.513658 0.513524 0.51339 0.513256 0.513122 0.512989 0.512855 0.513015 0.512881 
0.51325 0.513116 0.513036 0.512897 0.512781 0.512648 0.512998 0.513269 0.513121 0.514896 0.514762 0.514629 0.514495 0.514362 0.514228 0.514095 0.513962 0.513859 0.513726 0.513593 
0.513621 0.513699 0.513566 0.514956 0.514823 0.514693 0.51456 0.514427 0.514294 0.514162 0.514029 0.514199 0.514066 0.513963 0.51383 0.513698 0.513565 0.513433 0.513301 0.513433 
0.5133 0.513311 0.513179 0.513047 0.512915 0.512783 0.512778 0.512646 0.513389 0.513257 0.513125 0.514106 0.513974 0.513842 0.513667 0.513535 0.51368 0.513782 0.51365 0.513519 
0.513387 0.513598 0.513726 0.513594 0.513463 0.513332 0.513193 0.513062 0.512931 0.5128 0.512775 0.512644 0.512509 0.51241 0.512279 0.512148 0.512017 0.511887 0.511756 0.511626 
0.511495 0.511703 0.511573 0.511443 0.511312 0.512142 0.512011 0.511881 0.511784 0.511654 0.511524 0.511394 0.511268 0.511138 0.511009 0.512487 0.512357 0.512227 0.512184 0.512127 
0.511997 0.512253 0.512147 0.512384 0.51225 0.51212 0.51199 0.511861 0.511731 0.511601 0.511472 0.511343 0.511202 0.511073 0.510944 0.513732 0.513602 0.514908 0.514922 0.514792 
0.514662 0.514625 0.514503 0.514553 0.514423 0.514967 0.514837 0.514705 0.515024 0.514936 0.514806 0.514644 0.514514 0.514385 0.514683 0.515101 0.514972 0.515123 0.515123 0.515121 
0.514992 0.514863 0.514733 0.514604 0.514475 0.514393 0.514264 0.514135 0.514006 0.513867 0.51379 0.513734 0.514134 0.514235 0.514149 0.51402 0.513891 0.513763 0.513634 0.513506 
0.514684 0.514555 0.514519 0.51439 0.514262 0.514134 0.515011 0.514883 0.514754 0.514626 0.514669 0.514585 0.514596 0.514467 0.514338 0.514438 0.51431 0.514208 0.51408 0.513952 
0.513824 0.513732 0.51378 0.513653 0.514376 0.514248 0.514283 0.514155 0.514379 0.514277 0.514166 0.514039 0.513939 0.513812 0.513684 0.513557 0.513536 0.513409 0.513282 0.513155 
0.513028 0.512901 0.513052 0.512925 0.512947 0.512905 0.512778 0.512652 0.512526 0.5124 0.512483 0.512335 0.512217 0.512091 0.512268 0.512142 0.512016 0.511916 0.51179 0.511664 
0.511538 0.511412 0.511286 0.51116 0.511203 0.511077 0.510938 0.510803 0.510877 0.5112 0.511103 0.510977 0.510852 0.510727 0.510601 0.510457 0.510334 0.510632 0.510507 0.510381 
0.510679 0.510554 0.510429 0.510362 0.510237 0.510154 0.510058 0.509933 0.509809 0.509707 0.509582 0.509743 0.509618 0.509512 0.509412 0.509626 0.509499 0.509893 0.509769 0.509645 
0.50952 0.509396 0.509272 0.509163 0.509039 0.508915 0.509368 0.509244 0.50912 0.509216 0.509149 0.509025 0.508925 0.508801 0.508801 0.509041 0.508918 0.508794 0.508671 0.508579 
0.508512 0.508389 0.508265 0.508265 0.508142 0.508019 0.507896 0.508398 0.509567 0.509616 0.509492 0.509788 0.509845 0.509722 0.509599 0.509476 0.509431 0.509308 0.509185 0.509062 
0.509091 0.509371 0.509248 0.509125 0.509114 0.508991 0.508869 0.508832 0.508709 0.508571 0.508784 0.509014 0.508892 0.508769 0.508922 0.512585 0.512462 0.512339 0.512216 0.512096 
0.511973 0.511856 0.511875 0.51175 0.511688 0.511565 0.511417 0.51147 0.511483 0.51136 0.511237 0.511187 0.511065 0.510943 0.510848 0.510726 0.510603 0.510512 0.51039 0.510887 
0.510765 0.510643 0.510511 0.510724 0.510602 0.510635 0.510606 0.510484 0.510362 0.510241 0.510119 0.510295 0.510173 0.510052 0.50993 0.510414 0.510299 0.510177 0.510056 0.509944 
0.509834 0.509713 0.509627 0.509578 0.509443 0.511673 0.512402 0.51228 0.512159 0.512037 0.511915 0.511793 0.511672 0.512053 0.511931 0.51181 0.511689 0.511567 0.512397 0.512276 
0.51237 0.512249 0.512375 0.512582 0.51246 0.512365 0.512201 0.51208 0.511959 0.511838 0.511718 0.511593 0.511472 0.511538 0.511433 0.511312 0.511191 0.511071 0.511971 0.511905 
0.512424 0.512303 0.512183 0.512703 0.512582 0.512461 0.512341 0.51222 0.5121 0.511989 0.511869 0.511749 0.511845 0.511724 0.511619 0.511774 0.511653 0.51156 0.51144 0.511408 
0.511288 0.511168 0.511048 0.510928 0.510979 0.510859 0.510739 0.51062 0.51055 0.51043 0.510311 0.510191 0.510072 0.509953 0.509842 0.50972 0.509595 0.509954 0.509834 0.50971 
0.509591 0.509472 0.509353 0.509234 0.509115 0.509017 0.50891 0.508799 0.508682 0.508678 0.508951 0.508833 0.508714 0.508612 0.509398 0.50928 0.509729 0.50961 0.509625 0.509507 
0.510159 0.511135 0.511016 0.510971 0.510839 0.510721 0.510622 0.510449 0.510331 0.510212 0.510095 0.509977 0.509859 0.509741 0.509623 0.509944 0.510017 0.509899 0.509781 0.509895 
0.510298 0.510179 0.510062 0.510753 0.510635 0.510522 0.510404 0.510288 0.51017 0.510052 0.509935 0.509817 0.509699 0.509582 0.509851 0.509733 0.510334 0.510217 0.510099 0.509982 
0.511172 0.511055 0.510937 0.510819 0.510716 0.510599 0.510481 0.510342 0.510162 0.510063 0.509946 0.509829 0.509842 0.509924 0.509806 0.509689 0.509651 0.509534 0.509418 0.5102 
0.510083 0.509967 0.510875 0.510865 0.510748 0.51074 0.510672 0.510555 0.510438 0.510621 0.513249 0.513359 0.513242 0.513125 0.51305 0.512933 0.512816 0.512699 0.512582 0.512574 
0.512457 0.51234 0.512237 0.51212 0.512004 0.511887 0.511792 0.512144 0.512028 0.511911 0.51238 0.512263 0.512147 0.51203 0.511914 0.511797 0.511681 0.511564 0.511452 0.511336 
0.51122 0.511104 0.511138 0.511022 0.511748 0.511632 0.511516 0.5114 0.511284 0.513571 0.513455 0.513338 0.513222 0.513106 0.51299 0.513168 0.513052 0.512936 0.513073 0.513107 
0.512991 0.51301 0.512894 0.513184 0.513082 0.512966 0.512846 0.51273 0.512614 0.512892 0.513051 0.512935 0.512852 0.512803 0.512688 0.512572 0.51246 0.512541 0.512539 0.512947 
0.512884 0.512768 0.512653 0.512538 0.512422 0.512307 0.512893 0.512777 0.512662 0.512547 0.512459 0.512344 0.512229 0.512114 0.511999 0.511885 0.51177 0.511655 0.512724 0.512609 
0.513385 0.513294 0.513451 0.513336 0.513221 0.513114 0.513713 0.513869 0.513754 0.51367 0.513555 0.51344 0.513325 0.51321 0.514143 0.514028 0.513914 0.513799 0.513982 0.513867 
0.514115 0.514 0.513885 0.513771 0.513656 0.513542 0.513433 0.513333 0.513219 0.513105 0.51299 0.512917 0.512803 0.512999 0.51301 0.512896 0.513396 0.513282 0.513222 0.513108 
0.512994 0.513481 0.515161 0.515046 0.514932 0.515234 0.515402 0.515287 0.515173 0.515874 0.515759 0.515648 0.515533 0.515419 0.515544 0.51543 0.515747 0.515644 0.51553 0.515416 
0.515305 0.515191 0.515077 0.514963 0.514849 0.514815 0.514702 0.514588 0.51449 0.514348 0.514331 0.514217 0.514104 0.513991 0.513878 0.513765 0.513652 0.513538 0.513425 0.51399 
0.514907 0.514959 0.514898 0.514785 0.514671 0.514558 0.514442 0.514329 0.514216 0.514103 0.514658 0.514545 0.514432 0.514285 0.514237 0.514124 0.514011 0.513899 0.513827 0.513715 
0.513865 0.51403 0.513917 0.514343 0.514194 0.514557 0.514449 0.515807 0.515694 0.515718 0.51562 0.515793 0.51568 0.515567 0.515455 0.516312 0.51637 0.516257 0.516144 0.516362 
0.51625 0.516137 0.516201 0.516092 0.515979 0.515867 0.515754 0.515642 0.51553 0.515417 0.515499 0.515386 0.515274 0.515162 0.51505 0.514938 0.514861 0.514749 0.514818 0.514822 
0.51471 0.514598 0.514688 0.514576 0.514648 0.514503 0.514392 0.51428 0.514168 0.514057 0.515215 0.515103 0.514992 0.51488 0.514769 0.514657 0.514546 0.514434 0.514276 0.514165 
0.514054 0.514151 0.514039 0.513928 0.513924 0.514183 0.514072 0.513961 0.514094 0.514918 0.514807 0.514696 0.515676 0.515565 0.516284 0.516172 0.516061 0.51595 0.515838 0.515727 
0.515616 0.515505 0.51654 0.516429 0.516317 0.516317 0.516161 0.51605 0.516094 0.516207 0.516096 0.515986 0.515892 0.515781 0.515692 0.515581 0.515473 0.515362 0.515295 0.515185 
0.515074 0.514964 0.515388 0.515278 0.515943 0.515973 0.516379 0.516393 0.516282 0.516172 0.51612 0.51601 0.515969 0.515859 0.516007 0.515897 0.515947 0.515837 0.515916 0.515805 
0.515695 0.515585 0.515493 0.515383 0.515273 0.515163 0.515552 0.516214 0.516287 0.516402 0.516292 0.516194 0.516084 0.515974 0.516381 0.517694 0.517604 0.517494 0.517384 0.517274 
0.517164 0.517101 0.518141 0.518053 0.517944 0.517834 0.517724 0.517718 0.517674 0.517564 0.51745 0.51734 0.517231 0.517121 0.517011 0.516902 0.516792 0.517197 0.517087 0.516978 
0.517227 0.517117 0.517008 0.516899 0.516789 0.516711 0.516602 0.516492 0.517245 0.517136 0.517026 0.516917 0.516808 0.516699 0.51659 0.516481 0.516358 0.516249 0.51614 0.516031 
0.51597 0.516537 0.516428 0.516422 0.516386 0.516277 0.516169 0.516405 0.517948 0.517839 0.51773 0.518456 0.518466 0.518409 0.5183 0.518191 0.518154 0.518169 0.51806 0.517951 
0.517895 0.517932 0.517823 0.518819 0.518756 0.518648 0.518539 0.51843 0.519226 0.519688 0.519579 0.51947 0.519539 0.519517 0.519408 0.5193 0.519191 0.519082 0.518974 0.518865 
0.519447 0.519338 0.519225 0.519116 0.519008 0.5189 0.518791 0.518635 0.518632 0.518523 0.518415 0.518307 0.518295 0.519459 0.520223 0.520115 0.520135 0.520027 0.520692 0.520851 
0.520747 0.520639 0.520575 0.520467 0.520358 0.520492 0.520385 0.520408 0.520569 0.520461 0.520352 0.520244 0.520095 0.519987 0.519878 0.52049 0.520382 0.520274 0.520166 0.520058 
0.519933 0.519826 0.519732 0.519624 0.519517 0.519414 0.519701 0.519594 0.519728 0.51962 0.519513 0.519442 0.519335 0.519228 0.51912 0.519072 0.519093 0.51899 0.518834 0.518727 
0.518971 0.51888 0.518773 0.51938 0.519725 0.519618 0.519511 0.519404 0.519297 0.51965 0.519543 0.519436 0.520108 0.520041 0.519934 0.520073 0.520513 0.520435 0.520395 0.520316 
0.520206 0.520099 0.519992 0.519956 0.520089 0.520395 0.520288 0.520182 0.520075 0.519968 0.519867 0.51976 0.520473 0.520367 0.52026 0.520237 0.52013 0.520459 0.521043 0.521666 
0.52156 0.521453 0.521346 0.521315 0.521209 0.521102 0.521367 0.521393 0.521402 0.521295 0.521219 0.521124 0.521017 0.520942 0.520836 0.520729 0.520709 0.521505 0.521398 0.521384 
0.521278 0.521171 0.522139 0.522341 0.522741 0.522635 0.522528 0.522851 0.522745 0.522638 0.523189 0.523082 0.523932 0.524612 0.524672 0.524736 0.524629 0.524523 0.524645 0.525053 
0.524946 0.524839 0.524813 0.524943 0.524839 0.524775 0.524943 0.525079 0.525147 0.525188 0.525082 0.525005 0.524898 0.524792 0.524815 0.524702 0.524595 0.524489 0.524383 0.524286 
0.524178 0.524316 0.524247 0.524141 0.524035 0.523949 0.523843 0.52375 0.523793 0.523687 0.523581 0.523506 0.523401 0.523295 0.524209 0.524249 0.524144 0.524038 0.523932 0.523827 
0.523721 0.523616 0.52356 0.523455 0.524163 0.524057 0.523938 0.523832 0.524011 0.523906 0.523801 0.523793 0.523968 0.523861 0.523738 0.523633 0.52382 0.523767 0.523931 0.524481 
0.524363 0.524282 0.524177 0.524092 0.524107 0.524081 0.523976 0.523871 0.523766 0.523674 0.523694 0.523589 0.523472 0.523781 0.523929 0.525118 0.525013 0.524908 0.524837 0.524732 
0.524627 0.524522 0.524417 0.524313 0.524208 0.524103 0.524043 0.524348 0.524229 0.524125 0.52402 0.524004 0.5239 0.5238 0.523695 0.524081 0.523976 0.524713 0.524609 0.524637 
0.524921 0.524816 0.524712 0.524607 0.524658 0.524554 0.52445 0.524345 0.524241 0.524969 0.524928 0.524824 0.524754 0.52465 0.524546 0.524441 0.524333 0.524229 0.524483 0.524422 
0.524318 0.524533 0.524429 0.524516 0.524412 0.524308 0.524204 0.524101 0.523997 0.52391 0.52381 0.524807 0.524703 0.5246 0.524959 0.524855 0.524951 0.524847 0.525257 0.525326 
0.525222 0.525119 0.525032 0.524936 0.524847 0.524743 0.524667 0.524564 0.52446 0.524357 0.524569 0.524466 0.524518 0.524414 0.524938 0.524834 0.524731 0.524638 0.524529 0.524518 
0.524415 0.524312 0.524209 0.524106 0.524003 0.5239 0.523797 0.524204 0.524119 0.52402 0.524314 0.524211 0.524108 0.524005 0.523902 0.523799 0.523697 0.523594 0.523551 0.523791 
0.524231 0.524128 0.524025 0.523961 0.523858 0.523756 0.523791 0.525442 0.525408 0.525497 0.525394 0.525291 0.525169 0.525066 0.52514 0.525037 0.524935 0.524832 0.524673 0.524571 
0.525078 0.525356 0.525269 0.525166 0.525071 0.524968 0.524863 0.525485 0.525381 0.525279 0.525176 0.525074 0.525363 0.526441 0.526339 0.526236 0.526134 0.526031 0.525929 0.525856 
0.52578 0.526199 0.526148 0.526503 0.526401 0.526318 0.526446 0.526917 0.526814 0.526709 0.527277 0.527175 0.527073 0.52694 0.526757 0.526655 0.526553 0.526458 0.526356 0.52634 
0.526294 0.526192 0.52609 0.527199 0.527097 0.526995 0.526904 0.527106 0.527004 0.526902 0.5268 0.526956 0.527085 0.527056 0.527152 0.52705 0.526944 0.526968 0.527155 0.527071 
0.52697 0.526868 0.526766 0.526665 0.526563 0.526462 0.52636 0.526259 0.526157 0.526056 0.526055 0.525953 0.526093 0.525992 0.525949 0.525866 0.525753 0.525761 0.52566 0.525614 
0.525513 0.525412 0.525311 0.52521 0.525109 0.525008 0.52494 0.524897 0.524797 0.525471 0.52607 0.526007 0.525906 0.525805 0.525704 0.525632 0.525532 0.525431 0.52533 0.52523 
0.525784 0.525799 0.525698 0.525675 0.526144 0.526044 0.525943 0.525842 0.525742 0.525641 0.5266 0.526691 0.52659 0.526702 0.526601 0.526499 0.526427 0.526302 0.526221 0.52612 
0.52602 0.52592 0.525819 0.525719 0.52572 0.525687 0.525587 0.525487 0.525687 0.525698 0.525627 0.52585 0.52575 0.52565 0.52555 0.525927 0.525827 0.525964 0.525864 0.525771 
0.525671 0.52609 0.52599 0.52589 0.525818 0.525777 0.525747 0.525647 0.525656 0.525556 0.525457 0.525363 0.525261 0.525161 0.525061 0.525641 0.525542 0.525624 0.525873 0.526054 
0.526044 0.525955 0.525915 0.525853 0.526294 0.526195 0.526305 0.526206 0.526141 0.526042 0.525942 0.525843 0.525744 0.525644 0.525536 0.525437 0.525338 0.525395 0.525296 0.525197 
0.525098 0.526097 0.526003 0.525904 0.52693 0.526831 0.526732 0.526632 0.52663 0.526531 0.52685 0.52677 0.526671 0.526998 0.526899 0.5268 0.526702 0.527148 0.527049 0.52695 
0.527079 0.52698 0.526912 0.527042 0.526943 0.526854 0.526755 0.526656 0.526944 0.526849 0.52675 0.52678 0.526682 0.526583 0.526484 0.526385 0.526303 0.526205 0.526306 0.526267 
0.526168 0.52619 0.526091 0.525993 0.525895 0.525935 0.525836 0.526729 0.526631 0.526532 0.526442 0.52656 0.52652 0.526421 0.526323 0.526225 0.526127 0.526028 0.52593 0.525832 
0.525743 0.525667 0.525569 0.52552 0.525347 0.52578 0.525927 0.525829 0.525731 0.525634 0.52576 0.525662 0.525564 0.526107 0.526076 0.525978 0.52588 0.525783 0.525712 0.525615 
0.525517 0.525419 0.525733 0.525748 0.525704 0.525606 0.525509 0.525411 0.52543 0.525332 0.525234 0.525137 0.52504 0.525893 0.525987 0.526623 0.526526 0.526428 0.526331 0.526233 
0.526136 0.526039 0.525941 0.525844 0.525747 0.525649 0.525552 0.525455 0.525358 0.525261 0.525172 0.525075 0.524978 0.524881 0.524774 0.524677 0.52458 0.525454 0.525357 0.525256 
0.525351 0.52544 0.525343 0.525314 0.525876 0.525779 0.525685 0.525588 0.525491 0.525498 0.525401 0.525464 0.525364 0.525267 0.525171 0.525074 0.525081 0.52509 0.524994 0.525074 
0.525717 0.525621 0.525524 0.525584 0.525488 0.525446 0.525382 0.525285 0.525822 0.525726 0.525689 0.525592 0.52567 0.525574 0.525477 0.5255 0.525412 0.525315 0.525219 0.525123 
0.525065 0.524969 0.525136 0.525449 0.525371 0.525896 0.525808 0.526805 0.526708 0.526612 0.526516 0.526612 0.526516 0.52642 0.526324 0.52629 0.526255 0.526159 0.526063 0.52597 
0.525874 0.525775 0.525787 0.525698 0.525602 0.525506 0.525594 0.525498 0.525402 0.525307 0.525213 0.525117 0.525022 0.524926 0.524876 0.52478 0.524685 0.5248 0.525329 0.525451 
0.525355 0.52526 0.525164 0.525069 0.524973 0.524875 0.52478 0.524685 0.52459 0.524494 0.524399 0.524429 0.52462 0.524525 0.524431 0.524387 0.524724 0.524629 0.524534 0.524455 
0.524842 0.524747 0.524653 0.524527 0.524432 0.524348 0.524652 0.524558 0.524463 0.524703 0.524913 0.524818 0.524929 0.524834 0.524747 0.524652 0.524887 0.524792 0.524698 0.52496 
0.524866 0.524771 0.524676 0.524582 0.524487 0.524409 0.524314 0.52422 0.524125 0.524031 0.523936 0.523971 0.523877 0.523783 0.52371 0.523632 0.52368 0.523586 0.523575 0.523481 
0.523361 0.523267 0.523173 0.523079 0.52301 0.52315 0.523056 0.523703 0.523628 0.52401 0.523916 0.524155 0.524158 0.524064 0.523962 0.523922 0.523828 0.523731 0.523637 0.523544 
0.523602 0.523508 0.523415 0.524306 0.524212 0.524195 0.524101 0.524007 0.523914 0.523976 0.523881 0.523791 0.523697 0.523604 0.52351 0.523417 0.523323 0.52323 0.523136 0.523043 
0.522949 0.522856 0.522763 0.52339 0.523297 0.523221 0.523128 0.523073 0.52298 0.522886 0.522793 0.5227 0.522607 0.522514 0.522421 0.522328 0.52223 0.522153 0.522154 0.522241 
0.522158 0.522065 0.523861 0.524169 0.524097 0.524065 0.523995 0.523902 0.523838 0.523745 0.523652 0.523557 0.523464 0.523551 0.523458 0.523352 0.52326 0.523167 0.523074 0.523348 
0.523272 0.523222 0.523129 0.523037 0.522944 0.523303 0.523717 0.523607 0.524035 0.524195 0.524102 0.52401 0.523917 0.523947 0.523855 0.523762 0.52367 0.523577 0.523485 0.524137 
0.524497 0.524387 0.524294 0.524202 0.524234 0.525194 0.525114 0.525014 0.524922 0.524829 0.524737 0.524653 0.525383 0.525351 0.525258 0.525811 0.526342 0.527485 0.527423 0.527333 
0.527225 0.528179 0.528086 0.528172 0.528537 0.528444 0.528351 0.528258 0.528166 0.528073 0.52798 0.527889 0.527796 0.527725 0.527671 0.528252 0.528159 0.528123 0.528046 0.527953 
0.52794 0.527847 0.527776 0.527684 0.527591 0.52753 0.527438 0.527345 0.527253 0.527323 0.527832 0.52774 0.527648 0.528272 0.528179 0.528087 0.527995 0.527902 0.52781 0.527794 
0.527816 0.528807 0.529629 0.529536 0.529444 0.529358 0.529439 0.529808 0.529715 0.529674 0.529927 0.529835 0.529742 0.530044 0.530027 0.530084 0.529992 0.529979 0.529887 0.529797 
0.529714 0.529624 0.529531 0.529439 0.529371 0.529279 0.529187 0.529095 0.529003 0.528929 0.528837 0.528745 0.528608 0.528516 0.528424 0.528332 0.528333 0.528241 0.528286 0.528194 
0.528114 0.528435 0.528344 0.528373 0.528281 0.528409 0.528303 0.528775 0.528869 0.528777 0.528686 0.528594 0.528503 0.528407 0.528315 0.528374 0.528283 0.52819 0.528194 0.528541 
0.528461 0.528837 0.528844 0.528922 0.528838 0.528746 0.528651 0.528559 0.528468 0.528377 0.528717 0.528625 0.528557 0.528465 0.528374 0.528283 0.528192 0.528517 0.528426 0.528335 
0.528375 0.528284 0.528295 0.528219 0.528127 0.528064 0.527943 0.527852 0.527761 0.527671 0.52767 0.527579 0.527488 0.527397 0.527589 0.527498 0.527567 0.527477 0.527386 0.527613 
0.527523 0.527432 0.527373 0.527731 0.527657 0.527666 0.527696 0.527605 0.527515 0.527424 0.527929 0.528182 0.528092 0.528226 0.528136 0.528045 0.528283 0.528169 0.528084 0.528009 
0.527931 0.527841 0.527849 0.527759 0.527692 0.527969 0.527879 0.527789 0.527698 0.527612 0.527522 0.527679 0.527589 0.527499 0.527409 0.527319 0.527228 0.527138 0.527048 0.526959 
0.526881 0.526791 0.5267 0.526761 0.526898 0.526808 0.526718 0.526628 0.526539 0.526449 0.526359 0.52627 0.526344 0.526292 0.526202 0.526113 0.526023 0.526135 0.526189 0.5261 
0.526148 0.526059 0.525969 0.526615 0.526526 0.526436 0.526339 0.52625 0.527049 0.526991 0.526901 0.526884 0.52679 0.527732 0.527653 0.52757 0.527481 0.527415 0.527326 0.527237 
0.527823 0.527734 0.528082 0.527992 0.527903 0.527861 0.527771 0.527824 0.527734 0.527647 0.527558 0.527469 0.527379 0.527314 0.527225 0.527136 0.527089 0.526999 0.526986 0.52692 
0.527142 0.527053 0.526958 0.527188 0.527087 0.526998 0.526909 0.52682 0.52681 0.526936 0.526847 0.526758 0.526669 0.526581 0.526477 0.526389 0.5263 0.52622 0.526132 0.526043 
0.525955 0.525866 0.525778 0.526038 0.526214 0.526221 0.526133 0.526044 0.526249 0.526407 0.526464 0.526375 0.526287 0.526198 0.52611 0.526556 0.526496 0.526534 0.52775 0.527701 
0.527646 0.527558 0.527469 0.527381 0.52741 0.527322 0.528256 0.528167 0.528564 0.528476 0.528384 0.528295 0.528207 0.528118 0.52803 0.527942 0.527989 0.527968 0.52788 0.527792 
0.527704 0.527615 0.527587 0.527821 0.527733 0.527812 0.527724 0.527649 0.527758 0.52767 0.527581 0.527493 0.527488 0.5274 0.527455 0.527367 0.527336 0.5273 0.527212 0.527283 
0.527519 0.527515 0.527427 0.527339 0.527251 0.527163 0.527083 0.526995 0.527738 0.52765 0.527698 0.52761 0.527522 0.527433 0.527345 0.527258 0.527171 0.527172 0.527084 0.527017 
0.52686 0.526773 0.527237 0.527376 0.527291 0.527297 0.527209 0.527121 0.527034 0.527033 0.526945 0.526858 0.52677 0.526683 0.526596 0.526898 0.526897 0.527085 0.527353 0.527246 
0.527172 0.527085 0.527122 0.527018 0.52694 0.527143 0.527056 0.526969 0.52688 0.526793 0.526706 0.526618 0.526879 0.526792 0.526827 0.526752 0.52672 0.526631 0.526544 0.526457 
0.52637 0.526283 0.526257 0.52617 0.526083 0.526004 0.525917 0.525831 0.525742 0.525655 0.525569 0.525482 0.525396 0.525309 0.525231 0.525398 0.525312 0.525252 0.525165 0.525079 
0.524963 0.524893 0.524807 0.52472 0.52463 0.524544 0.524458 0.524573 0.524487 0.5244 0.524314 0.524228 0.524142 0.524056 0.52397 0.524281 0.524246 0.52416 0.524074 0.524113 
0.524028 0.52484 0.524824 0.524738 0.524652 0.524566 0.52448 0.524394 0.52511 0.52513 0.525274 0.525532 0.525423 0.525337 0.525362 0.525354 0.525268 0.525182 0.525347 0.525385 
0.525299 0.525213 0.525663 0.526227 0.52633 0.526244 0.526161 0.526075 0.525989 0.525903 0.525818 0.525733 0.525647 0.525561 0.525476 0.525442 0.525366 0.52528 0.525315 0.525229 
0.525856 0.525771 0.525685 0.525798 0.525942 0.525857 0.525901 0.525816 0.525788 0.525733 0.525647 0.52558 0.52564 0.525555 0.525715 0.52563 0.525545 0.525459 0.525885 0.526071 
0.526896 0.526811 0.527335 0.527252 0.527434 0.5281 0.528014 0.528174 0.52805 0.527964 0.527879 0.527793 0.527708 0.527622 0.527674 0.527588 0.527494 0.527409 0.527395 0.527359 
0.527274 0.527188 0.527073 0.526988 0.526995 0.526906 0.526809 0.526724 0.526639 0.526527 0.526846 0.527 0.526915 0.526837 0.526753 0.526668 0.526583 0.526498 0.526413 0.526348 
0.526263 0.526139 0.526219 0.526134 0.526154 0.52607 0.525985 0.526125 0.52604 0.52592 0.525835 0.525872 0.525788 0.525865 0.525781 0.525967 0.526848 0.526763 0.526679 0.526567 
0.526524 0.526438 0.526755 0.52667 0.526586 0.526501 0.526417 0.526332 0.526274 0.52619 0.526151 0.526114 0.526242 0.526158 0.5261 0.526015 0.52593 0.526038 0.526097 0.526012 
0.525928 0.525844 0.525758 0.527349 0.527265 0.52718 0.5271 0.527016 0.526932 0.528539 0.528455 0.52837 0.528286 0.528201 0.528117 0.528032 0.527948 0.527864 0.528054 0.52797 
0.527885 0.527801 0.528203 0.528118 0.528034 0.52795 0.527866 0.527744 0.527658 0.527574 0.527496 0.527412 0.527438 0.527613 0.527529 0.527412 0.527328 0.527244 0.527348 0.527264 
0.52718 0.527666 0.527687 0.528136 0.528121 0.528037 0.527954 0.52787 0.527792 0.527708 0.529041 0.528957 0.528875 0.530345 0.53067 0.530585 0.530501 0.530417 0.530453 0.530369 
0.530195 0.530111 0.530027 0.529956 0.529947 0.529894 0.52981 0.529835 0.529751 0.529672 0.529588 0.529504 0.529458 0.529402 0.529319 0.529235 0.529153 0.52907 0.528986 0.528902 
0.528819 0.529454 0.529375 0.529291 0.529385 0.529301 0.529613 0.529549 0.529465 0.529437 0.529354 0.52955 0.529473 0.529424 0.529319 0.530358 0.530275 0.53022 0.530136 0.530138 
0.530055 0.530036 0.52996 0.529876 0.529793 0.530034 0.529951 0.529858 0.529774 0.529699 0.529617 0.529534 0.529685 0.530306 0.530272 0.530189 0.530105 0.530022 0.530266 0.530286 
0.530203 0.530125 0.530543 0.53046 0.530384 0.530522 0.530819 0.530736 0.530653 0.53057 0.530494 0.530539 0.530535 0.530697 0.530614 0.530743 0.530668 0.530584 0.530509 0.530473 
0.530504 0.530421 0.53091 0.530827 0.530744 0.53066 0.530577 0.53049 0.530407 0.530324 0.530707 0.530624 0.530541 0.530458 0.531277 0.531194 0.531476 0.531377 0.531294 0.531211 
0.531128 0.531079 0.530997 0.530914 0.530851 0.530775 0.530692 0.531302 0.531562 0.531479 0.5314 0.531317 0.531234 0.531214 0.531143 0.531055 0.531227 0.531144 0.531061 0.531014 
0.531635 0.531631 0.531575 0.531484 0.531401 0.531319 0.531236 0.531215 0.531694 0.531596 0.531514 0.531431 0.531429 0.531347 0.53127 0.531188 0.531098 0.531018 0.531054 0.530972 
0.531215 0.531516 0.531433 0.531351 0.531268 0.531596 0.531617 0.531534 0.531452 0.53137 0.531287 0.531208 0.531125 0.531056 0.532286 0.532822 0.53274 0.533145 0.533069 0.533081 
0.532998 0.533191 0.53311 0.533028 0.532963 0.532898 0.532815 0.532859 0.532776 0.53275 0.532668 0.532563 0.532519 0.532437 0.532355 0.532273 0.53219 0.532108 0.532026 0.531925 
0.531843 0.531761 0.532423 0.5329 0.533038 0.532996 0.532914 0.533339 0.533397 0.533517 0.533805 0.533722 0.53364 0.533559 0.533621 0.533539 0.533457 0.533375 0.533643 0.533561 
0.533479 0.533397 0.533396 0.533603 0.533576 0.533536 0.533454 0.533434 0.533356 0.533274 0.533193 0.534133 0.534051 0.533958 0.533876 0.533813 0.533731 0.533649 0.533567 0.533485 
0.533884 0.533801 0.533723 0.533642 0.533738 0.533656 0.533578 0.533496 0.533414 0.534072 0.53399 0.533908 0.533826 0.533877 0.534322 0.534422 0.534343 0.534288 0.534206 0.534124 
0.534313 0.534231 0.53415 0.534068 0.533986 0.533905 0.533823 0.533742 0.53366 0.533579 0.53353 0.533457 0.533609 0.533543 0.534476 0.534394 0.534313 0.534228 0.53471 0.534629 
0.534573 0.534821 0.534741 0.534768 0.534729 0.534647 0.534566 0.534484 0.534403 0.534322 0.53424 0.534159 0.534078 0.533997 0.533915 0.533833 0.533804 0.533982 0.533901 0.53382 
0.533739 0.534138 0.534056 0.533975 0.533882 0.533801 0.53372 0.533662 0.533927 0.533846 0.533781 0.533708 0.533604 0.533597 0.533519 0.533488 0.53344 0.533421 0.534795 0.534956 
0.534901 0.53482 0.534739 0.534658 0.534577 0.534496 0.534415 0.534334 0.534686 0.534729 0.534648 0.534633 0.534558 0.534647 0.534566 0.534529 0.534744 0.534663 0.534582 0.534502 
0.53445 0.534375 0.534332 0.534424 0.534343 0.534263 0.534182 0.534131 0.534102 0.534022 0.533937 0.533856 0.533776 0.533695 0.533667 0.533609 0.533515 0.533616 0.533536 0.533455 
0.533395 0.533315 0.533235 0.533154 0.533074 0.533122 0.533042 0.532962 0.533076 0.532996 0.53294 0.53286 0.53278 0.5327 0.532686 0.532606 0.532529 0.532449 0.532369 0.533287 
0.533333 0.533253 0.533207 0.534004 0.533924 0.533844 0.533772 0.533692 0.533615 0.533535 0.533455 0.533375 0.533295 0.533215 0.533135 0.53345 0.53337 0.53329 0.5334 0.53332 
0.53324 0.534045 0.533965 0.533885 0.533805 0.533726 0.533646 0.533566 0.534069 0.533989 0.534151 0.53435 0.53427 0.53419 0.53411 0.53403 0.534085 0.534005 0.533961 0.533924 
0.533844 0.533765 0.533685 0.533567 0.533487 0.533552 0.533569 0.53349 0.53341 0.533331 0.533251 0.533172 0.533092 0.53385 0.53377 0.533895 0.533815 0.533736 0.533656 0.533577 
0.533768 0.533674 0.533595 0.533516 0.533555 0.533763 0.533706 0.533626 0.533547 0.533468 0.533706 0.533627 0.533547 0.533424 0.533345 0.533266 0.533187 0.533192 0.533113 0.533173 
0.533094 0.533606 0.533527 0.533934 0.53385 0.533771 0.533692 0.533612 0.533533 0.533455 0.533376 0.533297 0.533276 0.533198 0.533206 0.533127 0.533073 0.532994 0.532915 0.532836 
0.532741 0.532719 0.53264 0.532565 0.532486 0.532447 0.532368 0.532695 0.532616 0.532538 0.532459 0.53241 0.532331 0.532489 0.532411 0.532332 0.532254 0.532175 0.532097 0.532018 
0.53194 0.532083 0.532005 0.531927 0.531848 0.531952 0.531891 0.531813 0.531764 0.531698 0.53162 0.531542 0.531518 0.531703 0.531843 0.531764 0.531686 0.532045 0.531995 0.531915 
0.531837 0.532608 0.53253 0.532777 0.532699 0.532621 0.53267 0.532592 0.532513 0.532435 0.532453 0.532371 0.532293 0.532215 0.532137 0.532059 0.532102 0.532023 0.531989 0.532551 
0.532468 0.53239 0.532312 0.532234 0.532156 0.532078 0.531995 0.531916 0.531839 0.531761 0.532126 0.532048 0.531971 0.531893 0.531815 0.531737 0.531659 0.531582 0.531504 0.531406 
0.531328 0.531309 0.531232 0.531178 0.53144 0.531362 0.531263 0.531185 0.531217 0.53113 0.531052 0.530975 0.530897 0.53082 0.53077 0.530692 0.530615 0.531308 0.531231 0.531338 
0.53126 0.531738 0.531661 0.531611 0.531976 0.532045 0.531968 0.531978 0.532036 0.532251 0.532174 0.532096 0.532019 0.532041 0.532007 0.531929 0.531852 0.531775 0.531697 0.53162 
0.531543 0.531479 0.531402 0.531328 0.531291 0.531268 0.531191 0.531114 0.531037 0.530988 0.530912 0.530835 0.530758 0.530681 0.530652 0.530575 0.530498 0.530421 0.530344 0.530267 
0.530168 0.530091 0.530015 0.53027 0.530234 0.530148 0.530072 0.529995 0.529918 0.529845 0.529813 0.529736 0.529959 0.529883 0.529806 0.529725 0.529704 0.529627 0.529551 0.529474 
0.529398 0.529417 0.529341 0.529717 0.529883 0.529806 0.52973 0.529653 0.529623 0.529552 0.529475 0.529399 0.529361 0.529535 0.529792 0.530214 0.530138 0.530061 0.529985 0.530926 
0.530915 0.530839 0.530762 0.530691 0.530615 0.530542 0.530724 0.53075 0.530674 0.530758 0.53086 0.530851 0.53106 0.531164 0.531243 0.531485 0.531409 0.531332 0.531256 0.53118 
0.531103 0.531027 0.530999 0.530922 0.531186 0.53111 0.531289 0.531208 0.531132 0.531055 0.531398 0.531322 0.531246 0.53117 0.531051 0.5314 0.531546 0.53147 0.531643 0.531695 
0.531618 0.531542 0.531507 0.531685 0.531842 0.532187 0.532713 0.532655 0.532579 0.532503 0.532426 0.532539 0.532468 0.532392 0.532316 0.532222 0.532458 0.532875 0.532799 0.532968 
0.532892 0.532856 0.532786 0.53271 0.532634 0.533215 0.533139 0.533063 0.532987 0.532911 0.532835 0.532761 0.532685 0.532609 0.532534 0.532458 0.532589 0.532787 0.533217 0.533141 
0.533072 0.533028 0.532943 0.532867 0.532791 0.532734 0.533159 0.53309 0.533014 0.533052 0.533104 0.533029 0.532953 0.532877 0.532806 0.532751 0.532676 0.5326 0.532524 0.532447 
0.532371 0.532516 0.532435 0.532359 0.532284 0.532226 0.532396 0.532437 0.532362 0.532286 0.532211 0.532472 0.532531 0.532531 0.532766 0.532691 0.532615 0.53256 0.532485 0.533041 
0.532987 0.533686 0.533611 0.533535 0.533459 0.533384 0.533384 0.533416 0.533341 0.533386 0.533335 0.533274 0.5332 0.533182 0.533151 0.533087 0.533006 0.532931 0.533123 0.533048 
0.532972 0.532886 0.533153 0.533077 0.533002 0.53301 0.532933 0.532858 0.533303 0.533573 0.533636 0.53358 0.533505 0.533603 0.533528 0.533453 0.533378 0.533303 0.533402 0.533378 
0.533314 0.533239 0.533259 0.533177 0.533101 0.533131 0.5333 0.533227 0.533152 0.533181 0.533106 0.533211 0.533282 0.533247 0.533176 0.533101 0.533026 0.532949 0.532892 0.532817 
0.532742 0.532722 0.532647 0.532573 0.532531 0.532469 0.532394 0.53232 0.532752 0.532996 0.533502 0.533428 0.533353 0.533662 0.533674 0.533603 0.533528 0.533453 0.533378 0.533318 
0.533231 0.533765 0.53369 0.533615 0.53365 0.533577 0.533665 0.533552 0.533496 0.533421 0.533347 0.533279 0.533292 0.533217 0.533143 0.533068 0.533063 0.532988 0.532914 0.533018 
0.533114 0.53306 0.53301 0.532937 0.532959 0.532874 0.532799 0.532725 0.532663 0.532589 0.532515 0.532613 0.532507 0.532433 0.532359 0.532284 0.532237 0.532162 0.532088 0.532178 
0.532104 0.532486 0.532412 0.532399 0.532495 0.532421 0.532586 0.532512 0.532723 0.532649 0.532579 0.53292 0.532846 0.532772 0.532704 0.532631 0.532557 0.532492 0.532489 0.532415 
0.532341 0.532268 0.533028 0.532954 0.53288 0.532806 0.532732 0.532659 0.532667 0.532593 0.532519 0.532445 0.532395 0.532322 0.53239 0.532316 0.532242 0.532169 0.532126 0.532053 
0.532971 0.532897 0.532878 0.532804 0.53273 0.532656 0.532583 0.532509 0.532457 0.532413 0.53234 0.532266 0.532238 0.532275 0.532202 0.532128 0.532019 0.53198 0.531906 0.531833 
0.531861 0.531856 0.531783 0.53198 0.532172 0.532099 0.531993 0.532031 0.532024 0.531951 0.53188 0.53183 0.532128 0.53209 0.532223 0.532149 0.532313 0.532289 0.532215 0.532507 
0.532434 0.532498 0.532425 0.532351 0.532278 0.532205 0.532132 0.532058 0.531985 0.532105 0.532166 0.532074 0.532011 0.531938 0.532112 0.532363 0.53229 0.532216 0.532143 0.53207 
0.531997 0.531924 0.531851 0.531999 0.531926 0.531853 0.53178 0.531734 0.531661 0.531588 0.531515 0.531461 0.531395 0.531322 0.53126 0.53125 0.53122 0.531147 0.531092 0.531284 
0.531298 0.531225 0.531157 0.531085 0.531162 0.531091 0.531028 0.530966 0.530899 0.530826 0.530756 0.530684 0.530611 0.530644 0.530571 0.530511 0.530501 0.530487 0.530415 0.530343 
0.53029 0.530996 0.531057 0.530984 0.531272 0.531199 0.53133 0.531257 0.53123 0.531158 0.531239 0.531167 0.531094 0.531022 0.53095 0.530896 0.530872 0.530849 0.530777 0.530816 
0.530743 0.530671 0.530816 0.530744 0.530672 0.530599 0.530527 0.530455 0.530383 0.530424 0.530352 0.530337 0.530265 0.53026 0.530187 0.530115 0.530063 0.530053 0.52999 0.529918 
0.530152 0.53008 0.530007 0.529935 0.529987 0.529922 0.530373 0.53032 0.530248 0.53066 0.530588 0.530822 0.530827 0.530755 0.531181 0.531124 0.531052 0.531064 0.530993 0.531444 
0.531374 0.531302 0.531313 0.531241 0.531173 0.531094 0.531022 0.530984 0.530912 0.53084 0.530768 0.530899 0.530792 0.53104 0.53118 0.531108 0.531036 0.531047 0.530975 0.531068 
0.531105 0.531034 0.530962 0.53089 0.530819 0.530765 0.530693 0.530621 0.53055 0.530478 0.530407 0.530335 0.530468 0.530397 0.530325 0.530254 0.530284 0.530212 0.530141 0.530069 
0.531218 0.531168 0.531097 0.531025 0.530953 0.530882 0.530811 0.530739 0.530668 0.530643 0.530572 0.530535 0.53055 0.530468 0.530471 0.530399 0.530303 0.53023 0.530471 0.530417 
0.530345 0.530274 0.530468 0.530452 0.530381 0.530324 0.530253 0.530181 0.530439 0.530389 0.530318 0.530246 0.530175 0.530104 0.530033 0.529945 0.530531 0.530459 0.530391 0.531192 
0.531121 0.53105 0.530978 0.530907 0.530984 0.531721 0.532108 0.532037 0.531965 0.531894 0.531823 0.531752 0.531681 0.531613 0.531567 0.531496 0.531414 0.532366 0.532295 0.532243 
0.532179 0.532251 0.53218 0.532113 0.532086 0.53214 0.532131 0.532051 0.532005 0.531934 0.531885 0.531886 0.531815 0.531744 0.531674 0.531603 0.532009 0.531938 0.531867 0.531796 
0.531725 0.531685 0.531614 0.531543 0.531566 0.531495 0.531425 0.531354 0.531283 0.531212 0.53113 0.531059 0.530989 0.531071 0.531001 0.53093 0.530859 0.530789 0.530718 0.531143 
0.531086 0.531016 0.530945 0.530874 0.531338 0.531655 0.532009 0.532014 0.531944 0.531873 0.531808 0.531885 0.531815 0.531754 0.531827 0.531677 0.531732 0.531667 0.531626 0.531556 
0.531465 0.531676 0.531698 0.531679 0.531609 0.531538 0.531609 0.531538 0.531468 0.531601 0.531531 0.53146 0.53139 0.531638 0.531653 0.532127 0.532057 0.532046 0.532296 0.532273 
0.532203 0.532311 0.53224 0.532171 0.532092 0.532034 0.531964 0.531893 0.531932 0.531862 0.531873 0.532381 0.532324 0.532651 0.532586 0.532568 0.532498 0.532428 0.532357 0.532287 
0.532351 0.53231 0.532239 0.532209 0.532138 0.532068 0.531998 0.531928 0.531983 0.532246 0.53222 0.53215 0.532225 0.532155 0.532085 0.532043 0.531984 0.532411 0.532343 0.532273 
0.532203 0.532133 0.532063 0.532258 0.532188 0.532432 0.53237 0.532302 0.532232 0.532242 0.532172 0.532139 0.532069 0.532254 0.532184 0.532293 0.532223 0.532167 0.532147 0.532148 
0.532189 0.532277 0.532201 0.532267 0.532182 0.532109 0.532039 0.531969 0.532259 0.532699 0.532629 0.532598 0.532885 0.532831 0.532797 0.532728 0.533523 0.533453 0.533383 0.533318 
0.533248 0.533174 0.533104 0.533085 0.533144 0.533074 0.533004 0.532934 0.533033 0.533331 0.533305 0.533235 0.533165 0.533148 0.533135 0.533065 0.532996 0.532926 0.532856 0.532829 
0.532759 0.532672 0.532757 0.532687 0.532618 0.532548 0.532479 0.53251 0.532441 0.532371 0.532302 0.532233 0.532163 0.532094 0.532025 0.531945 0.531883 0.53181 0.53174 0.532374 
0.532305 0.532621 0.532552 0.532483 0.532429 0.533012 0.532942 0.532873 0.532804 0.532796 0.532727 0.532657 0.532588 0.53251 0.534101 0.534031 0.533962 0.533953 0.53477 0.534701 
0.534756 0.534687 0.534618 0.534611 0.534688 0.534635 0.534691 0.534623 0.534554 0.534483 0.534477 0.534412 0.534562 0.534493 0.53445 0.534381 0.53464 0.53457 0.534531 0.534474 
0.534914 0.534845 0.535222 0.535153 0.535324 0.535255 0.535185 0.535116 0.53509 0.535021 0.534918 0.534939 0.53487 0.534801 0.534732 0.534663 0.534594 0.53454 0.534471 0.534474 
0.534826 0.534757 0.534688 0.53484 0.534771 0.534711 0.534683 0.534614 0.534545 0.534476 0.534407 0.534338 0.534269 0.534205 0.534289 0.534221 0.534152 0.534127 0.534058 0.533989 
0.533993 0.533924 0.533931 0.533863 0.533794 0.533725 0.53381 0.533741 0.533673 0.533763 0.533709 0.53364 0.533571 0.533503 0.533434 0.53377 0.533701 0.533633 0.533564 0.533496 
0.533535 0.533467 0.533398 0.533474 0.53343 0.533378 0.533399 0.53333 0.533262 0.533302 0.533234 0.533166 0.533097 0.533049 0.53298 0.532912 0.532843 0.532775 0.532707 0.532639 
0.532805 0.53274 0.5327 0.532632 0.53295 0.532882 0.533036 0.532968 0.532908 0.532878 0.53281 0.532742 0.532866 0.532798 0.532801 0.532751 0.532683 0.532615 0.532547 0.532508 
0.532443 0.532375 0.532288 0.53222 0.532152 0.532213 0.532145 0.532077 0.532009 0.531941 0.531873 0.532079 0.53212 0.532059 0.531991 0.532028 0.53196 0.531892 0.531903 0.531887 
0.531819 0.531752 0.531684 0.531616 0.531538 0.53147 0.531403 0.531335 0.531272 0.531352 0.531284 0.531251 0.531183 0.531115 0.531048 0.53098 0.530913 0.531247 0.531366 0.531297 
0.53123 0.531162 0.531095 0.531027 0.53096 0.530892 0.530825 0.531095 0.531027 0.530959 0.530886 0.530818 0.530751 0.530683 0.530616 0.530549 0.530481 0.530414 0.530803 0.531454 
0.531387 0.53132 0.531252 0.531229 0.531162 0.531095 0.531027 0.53096 0.530893 0.530826 0.530758 0.530691 0.530624 0.530557 0.530489 0.530422 0.530355 0.530288 0.530221 0.530154 
0.530692 0.530846 0.530814 0.530747 0.53068 0.530613 0.530546 0.530548 0.530946 0.530878 0.530811 0.530744 0.530691 0.530766 0.530699 0.530635 0.53051 0.530443 0.530376 0.530309 
0.530242 0.530175 0.530108 0.530041 0.529974 0.529907 0.52984 0.52978 0.529713 0.529646 0.52958 0.529577 0.529624 0.529571 0.529504 0.529437 0.52937 0.529304 0.529237 0.52917 
0.529104 0.529037 0.528979 0.528913 0.528847 0.528781 0.528696 0.529377 0.529426 0.529359 0.529292 0.529226 0.529159 0.529204 0.529138 0.529071 0.529005 0.528938 0.528872 0.528805 
0.528736 0.528873 0.528806 0.528803 0.528737 0.52867 0.528605 0.528539 0.528472 0.528858 0.528832 0.528766 0.5287 0.528633 0.528567 0.528528 0.528475 0.528408 0.528342 0.528284 
0.528218 0.528152 0.528109 0.528043 0.52803 0.527964 0.527898 0.527832 0.527766 0.527771 0.527705 0.527639 0.527573 0.527507 0.527481 0.527642 0.527576 0.528379 0.528313 0.528312 
0.528246 0.52818 0.528114 0.52807 0.528004 0.528183 0.528123 0.528126 0.528146 0.528131 0.528066 0.528 0.527977 0.528439 0.528373 0.528443 0.528377 0.528311 0.528246 0.52818 
0.528142 0.528095 0.528041 0.527975 0.527935 0.52787 0.527804 0.527738 0.527672 0.527607 0.527541 0.527474 0.527408 0.527555 0.527489 0.527465 0.527399 0.527496 0.52743 0.527365 
0.527299 0.527233 0.527435 0.527369 0.527513 0.529048 0.528982 0.528935 0.529056 0.528991 0.529024 0.529495 0.529478 0.529413 0.529364 0.529301 0.529222 0.529159 0.529097 0.529103 
0.529274 0.529209 0.529203 0.529392 0.529327 0.529813 0.529747 0.529684 0.529619 0.529749 0.5297 0.529634 0.529716 0.52965 0.529585 0.529618 0.529552 0.529593 0.529528 0.529572 
0.529588 0.529548 0.529482 0.529599 0.529533 0.529468 0.529402 0.529426 0.52936 0.52953 0.529488 0.529405 0.530196 0.53013 0.530065 0.529999 0.530065 0.530084 0.530019 0.53002 
0.52996 0.529894 0.529829 0.529763 0.529698 0.529975 0.530031 0.529965 0.5299 0.53063 0.530565 0.530533 0.530471 0.530406 0.530411 0.530345 0.53028 0.530384 0.530344 0.530327 
0.53044 0.530389 0.530309 0.530443 0.53034 0.53033 0.530265 0.530467 0.530494 0.530429 0.530364 0.530298 0.530233 0.530315 0.53025 0.530267 0.530202 0.530137 0.530072 0.530041 
0.530013 0.530286 0.530211 0.530146 0.530474 0.530409 0.530344 0.530279 0.530215 0.530149 0.530084 0.530019 0.529954 0.529889 0.529825 0.529957 0.529902 0.529837 0.529772 0.529707 
0.530002 0.530128 0.530063 0.530403 0.530406 0.530376 0.53031 0.530246 0.530357 0.530292 0.530249 0.530164 0.530099 0.530008 0.529943 0.529878 0.529814 0.529783 0.529718 0.529806 
0.5301 0.530085 0.53002 0.529953 0.529888 0.529823 0.529758 0.529754 0.52969 0.529625 0.529868 0.529804 0.529739 0.52968 0.529857 0.529793 0.529784 0.529719 0.52975 0.529686 
0.529621 0.529599 0.529637 0.529572 0.529508 0.529443 0.529409 0.529345 0.52928 0.529216 0.529151 0.529387 0.529323 0.529269 0.529208 0.529144 0.52908 0.529015 0.52898 0.528916 
0.528852 0.528787 0.528738 0.528673 0.528609 0.528545 0.528481 0.528416 0.528476 0.528411 0.528347 0.528467 0.528402 0.528338 0.528274 0.528583 0.528643 0.529336 0.529272 0.529208 
0.52914 0.52912 0.529067 0.529079 0.529481 0.529417 0.529352 0.529268 0.529371 0.529308 0.529244 0.529237 0.529173 0.529109 0.52904 0.528976 0.528906 0.528841 0.528777 0.528713 
0.529141 0.529077 0.529013 0.528949 0.528885 0.529619 0.529555 0.529491 0.529427 0.529363 0.529299 0.529235 0.529458 0.529434 0.529401 0.529337 0.529259 0.529195 0.529131 0.529067 
0.529003 0.528939 0.528875 0.528811 0.528748 0.528684 0.52862 0.528675 0.528611 0.528548 0.528484 0.52842 0.528386 0.528322 0.528258 0.528321 0.528284 0.52822 0.528157 0.528093 
0.528132 0.528069 0.528005 0.527942 0.528098 0.528034 0.52817 0.528106 0.528101 0.528198 0.528216 0.52871 0.528647 0.528865 0.528802 0.528738 0.528745 0.528682 0.528618 0.528555 
0.528714 0.529081 0.529469 0.529405 0.529429 0.529369 0.529306 0.529341 0.529589 0.529526 0.529593 0.529529 0.529678 0.529614 0.529593 0.5298 0.529736 0.529648 0.529884 0.529821 
0.529766 0.529702 0.5297 0.529718 0.529644 0.529581 0.529518 0.529454 0.529414 0.529912 0.529848 0.529785 0.529722 0.529713 0.529648 0.529585 0.529576 0.529748 0.529685 0.529611 
0.529581 0.529598 0.529733 0.52967 0.529606 0.52957 0.529602 0.529539 0.529644 0.52961 0.529547 0.529464 0.529413 0.52935 0.529287 0.529491 0.529428 0.529506 0.529443 0.529379 
0.529316 0.529251 0.529188 0.529125 0.529901 0.529833 0.529876 0.529813 0.52975 0.529894 0.52993 0.529867 0.529804 0.529756 0.529667 0.529601 0.529553 0.529484 0.529421 0.529428 
0.529365 0.529302 0.529239 0.529308 0.529227 0.529392 0.529329 0.529267 0.529204 0.529498 0.529435 0.529392 0.529329 0.529266 0.529234 0.529195 0.529132 0.529069 0.529006 0.528943 
0.528887 0.528892 0.528873 0.528811 0.528748 0.528685 0.528667 0.528916 0.528932 0.52887 0.528875 0.528971 0.528909 0.528846 0.528811 0.528749 0.528686 0.528623 0.528561 0.528498 
0.528435 0.528367 0.528304 0.528274 0.528212 0.528149 0.528087 0.528024 0.527962 0.528127 0.528335 0.528396 0.528341 0.528279 0.528216 0.528154 0.528091 0.528114 0.528049 0.527972 
0.527909 0.52802 0.528032 0.528052 0.528141 0.528079 0.528017 0.528077 0.527969 0.527907 0.527845 0.5278 0.527854 0.527792 0.52773 0.527648 0.527586 0.527524 0.527462 0.5274 
0.527337 0.527339 0.527338 0.527276 0.52733 0.527455 0.527393 0.527472 0.5275 0.527438 0.527448 0.527386 0.527323 0.527654 0.527614 0.527561 0.527499 0.527437 0.527382 0.527386 
0.527972 0.528425 0.528502 0.528637 0.52861 0.528548 0.528525 0.528462 0.528419 0.528729 0.528667 0.528652 0.52859 0.528528 0.528466 0.528949 0.528903 0.528856 0.528867 0.528805 
0.529032 0.529026 0.529059 0.529024 0.529184 0.529122 0.529189 0.529127 0.529065 0.529343 0.529281 0.52921 0.529148 0.529206 0.529144 0.529081 0.529019 0.528957 0.528911 0.528849 
0.528787 0.528873 0.528941 0.528879 0.529442 0.52939 0.529328 0.529699 0.529637 0.529575 0.529672 0.52961 0.529548 0.529547 0.529871 0.529809 0.529747 0.529685 0.529761 0.529699 
0.529642 0.52958 0.529518 0.529456 0.529394 0.529332 0.529522 0.529693 0.530115 0.530054 0.529992 0.530201 0.530248 0.530186 0.531016 0.530962 0.530883 0.530821 0.530779 0.530736 
0.530674 0.530612 0.53055 0.530618 0.530784 0.530717 0.530656 0.531054 0.530996 0.531183 0.531119 0.531045 0.531407 0.53138 0.531315 0.531253 0.53145 0.531444 0.531484 0.531459 
0.531397 0.531336 0.531274 0.531207 0.531145 0.531524 0.531465 0.531403 0.531342 0.531756 0.531695 0.531758 0.531696 0.531635 0.531573 0.53154 0.531507 0.531557 0.531496 0.531434 
0.531901 0.53184 0.531778 0.531716 0.531917 0.531856 0.531872 0.531915 0.531853 0.531792 0.53173 0.531763 0.531861 0.531799 0.531818 0.531898 0.531837 0.531775 0.531714 0.531652 
0.531597 0.531522 0.531461 0.531438 0.531376 0.531343 0.531396 0.531335 0.531273 0.531211 0.53115 0.531088 0.531027 0.531084 0.53105 0.530989 0.530986 0.530928 0.530888 0.530837 
0.530775 0.530714 0.530653 0.530725 0.530936 0.530875 0.530814 0.530752 0.531124 0.531062 0.531001 0.530992 0.53093 0.530851 0.530789 0.53079 0.530873 0.530794 0.530745 0.530684 
0.530623 0.530562 0.5305 0.530439 0.530407 0.530444 0.530434 0.530373 0.530312 0.530262 0.530241 0.53018 0.530119 0.530076 0.530015 0.529978 0.530057 0.529996 0.529935 0.529912 
0.529819 0.529758 0.529821 0.52976 0.529699 0.529638 0.530177 0.530194 0.530133 0.530083 0.530022 0.529961 0.529922 0.52986 0.529799 0.529738 0.529677 0.529753 0.52974 0.529743 
0.529682 0.529642 0.529581 0.529524 0.529463 0.529505 0.529445 0.529384 0.529329 0.529268 0.529389 0.529326 0.529266 0.529205 0.529145 0.529146 0.529085 0.529025 0.528964 0.528981 
0.52892 0.52886 0.528799 0.528739 0.529845 0.529787 0.529727 0.529669 0.529608 0.529541 0.52969 0.529739 0.529678 0.52988 0.530073 0.530012 0.529966 0.529906 0.529945 0.529946 
0.530102 0.530042 0.530076 0.531048 0.530988 0.530944 0.530899 0.53119 0.531092 0.531031 0.530971 0.531187 0.531127 0.531066 0.531844 0.531777 0.531717 0.531834 0.531774 0.531948 
0.531888 0.531827 0.531767 0.531706 0.531646 0.531677 0.531616 0.531506 0.531446 0.531389 0.531597 0.531537 0.531476 0.531622 0.531632 0.531572 0.531603 0.531621 0.531561 0.531884 
0.531812 0.531751 0.531689 0.531839 0.531788 0.531727 0.531737 0.531681 0.531653 0.531593 0.53154 0.53148 0.531457 0.53192 0.53186 0.531799 0.531739 0.531698 0.531638 0.531619 
0.531761 0.5317 0.531627 0.531629 0.531568 0.531905 0.532182 0.532318 0.532269 0.532209 0.532149 0.532545 0.532495 0.53243 0.53237 0.53231 0.53225 0.532608 0.532548 0.532488 
0.532428 0.532364 0.532304 0.532244 0.532184 0.532124 0.532085 0.532031 0.531971 0.531962 0.531902 0.532367 0.532361 0.532301 0.532464 0.532407 0.532347 0.532345 0.532285 0.532225 
0.532232 0.533134 0.533071 0.533011 0.532951 0.532891 0.53283 0.53277 0.532731 0.532671 0.532611 0.532551 0.532491 0.53248 0.532707 0.532753 0.532693 0.532633 0.532573 0.532513 
0.532453 0.532468 0.532408 0.532348 0.532288 0.532226 0.532237 0.532177 0.53213 0.532096 0.532032 0.532028 0.531969 0.531909 0.532176 0.532116 0.532057 0.532003 0.532042 0.532131 
0.532134 0.532074 0.532015 0.531955 0.531895 0.531862 0.531838 0.531779 0.531889 0.53183 0.53177 0.531769 0.531709 0.531649 0.531727 0.531668 0.531634 0.531594 0.531534 0.531483 
0.531424 0.531364 0.531305 0.531245 0.531185 0.531126 0.531099 0.531039 0.53098 0.530921 0.530838 0.530779 0.530719 0.53066 0.5306 0.530518 0.530738 0.530679 0.53062 0.530581 
0.530522 0.530509 0.530461 0.53086 0.530804 0.530744 0.530793 0.530733 0.530674 0.530879 0.530819 0.530821 0.530761 0.530743 0.530683 0.530624 0.530947 0.530964 0.530905 0.530846 
0.530787 0.530727 0.530668 0.530644 0.530584 0.530879 0.53082 0.530761 0.530895 0.530836 0.530776 0.530717 0.530663 0.530604 0.530545 0.530556 0.530508 0.530449 0.530636 0.530552 
0.530493 0.53058 0.530521 0.530462 0.530391 0.530468 0.530622 0.530563 0.530504 0.530445 0.530515 0.530456 0.530397 0.530338 0.531096 0.531037 0.530978 0.530926 0.530867 0.530808 
0.530766 0.531175 0.531114 0.531055 0.530996 0.530937 0.530878 0.530819 0.53076 0.530701 0.530642 0.530583 0.530594 0.530535 0.530477 0.530418 0.530414 0.530355 0.530297 0.530306 
0.530284 0.530162 0.530103 0.530044 0.529986 0.529927 0.529868 0.52981 0.529751 0.529768 0.529847 0.529764 0.529765 0.529706 0.529648 0.529604 0.529545 0.529487 0.529428 0.529369 
0.529311 0.529252 0.529194 0.52927 0.529211 0.529153 0.529095 0.529105 0.529061 0.529002 0.528944 0.528885 0.528827 0.528769 0.52871 0.528652 0.528701 0.528641 0.528582 0.528524 
0.528565 0.528506 0.528448 0.52839 0.528344 0.528677 0.528619 0.528655 0.528596 0.52854 0.528482 0.528423 0.528403 0.528345 0.52856 0.528502 0.528443 0.528419 0.528423 0.528364 
0.528335 0.528276 0.528218 0.52816 0.528102 0.528044 0.527986 0.527946 0.528048 0.52829 0.528232 0.528174 0.528222 0.528164 0.528106 0.528078 0.52802 0.527956 0.527898 0.52784 
0.527782 0.527724 0.527666 0.527662 0.527604 0.527546 0.528053 0.528025 0.528607 0.528549 0.52855 0.528652 0.528591 0.52853 0.528472 0.528414 0.528356 0.528298 0.528478 0.528429 
0.528371 0.52834 0.528282 0.528224 0.528167 0.528266 0.528208 0.52815 0.528093 0.528035 0.527977 0.527919 0.528048 0.52799 0.529209 0.529151 0.529104 0.529046 0.529087 0.529029 
0.529065 0.529007 0.528949 0.528891 0.528937 0.528879 0.528821 0.528764 0.528739 0.528681 0.528623 0.528565 0.528508 0.52845 0.528798 0.52874 0.528682 0.528707 0.528649 0.528632 
0.528645 0.528593 0.528611 0.528553 0.528851 0.528794 0.528736 0.528678 0.52862 0.528901 0.528843 0.528785 0.528728 0.528672 0.528614 0.528557 0.528507 0.528549 0.528492 0.528434 
0.528335 0.528277 0.52827 0.528295 0.528232 0.528174 0.528117 0.528059 0.528002 0.52812 0.528062 0.528005 0.527947 0.527893 0.528535 0.528478 0.52842 0.528424 0.528367 0.528309 
0.528252 0.528192 0.528135 0.528078 0.52802 0.528063 0.528092 0.528035 0.527977 0.528003 0.527946 0.52792 0.527862 0.527805 0.527748 0.527691 0.527633 0.527593 0.527536 0.527479 
0.527422 0.527364 0.527307 0.52725 0.527271 0.527213 0.527167 0.52711 0.527122 0.527065 0.527319 0.527261 0.527268 0.527508 0.527451 0.527394 0.527297 0.527381 0.527324 0.527414 
0.527558 0.527508 0.527451 0.527387 0.527654 0.527597 0.52754 0.527483 0.527421 0.527414 0.527357 0.5273 0.527343 0.527377 0.527409 0.527352 0.527296 0.527316 0.527259 0.527202 
0.527145 0.527088 0.52732 0.527263 0.527307 0.52725 0.527193 0.527137 0.52708 0.527059 0.527007 0.5271 0.527043 0.526986 0.526929 0.526873 0.526829 0.527209 0.527216 0.527159 
0.527103 0.527046 0.52699 0.527213 0.527156 0.52712 0.527073 0.527037 0.52698 0.526923 0.526838 0.526798 0.526741 0.526684 0.526628 0.526571 0.526515 0.526542 0.526485 0.526548 
0.526492 0.526482 0.526863 0.526806 0.526745 0.526887 0.526831 0.526774 0.526718 0.527023 0.526967 0.527133 0.527084 0.527035 0.526985 0.526929 0.526859 0.526837 0.526781 0.526724 
0.526668 0.526611 0.526555 0.526498 0.526442 0.526385 0.526635 0.526595 0.526586 0.526958 0.526902 0.526845 0.526789 0.526732 0.526676 0.526624 0.526567 0.526511 0.526708 0.526652 
0.527013 0.526957 0.526901 0.526943 0.526901 0.526887 0.527117 0.527169 0.527113 0.527796 0.527783 0.528102 0.528092 0.528064 0.528008 0.528179 0.528123 0.528066 0.528318 0.528262 
0.528238 0.528181 0.528609 0.528659 0.528603 0.528546 0.52849 0.528433 0.528377 0.528321 0.528264 0.528231 0.528174 0.528369 0.528509 0.528453 0.528553 0.528644 0.528588 0.528532 
0.528513 0.528564 0.528508 0.528451 0.528395 0.528362 0.528302 0.528246 0.528189 0.528133 0.528067 0.528061 0.528005 0.527949 0.527893 0.527836 0.52778 0.527724 0.528574 0.528728 
0.528847 0.528909 0.529418 0.529363 0.529302 0.52959 0.529549 0.529525 0.529469 0.529412 0.529356 0.5293 0.529304 0.529248 0.529191 0.529133 0.529121 0.529102 0.529053 0.528997 
0.528941 0.528885 0.528829 0.528773 0.528997 0.528941 0.528885 0.528829 0.529199 0.529135 0.529094 0.529038 0.528982 0.528931 0.528923 0.528867 0.528808 0.528754 0.528754 0.528698 
0.528642 0.528586 0.528531 0.528475 0.528419 0.528364 0.528308 0.528252 0.528196 0.528274 0.528406 0.52835 0.52831 0.528404 0.528348 0.528292 0.528236 0.528455 0.528399 0.528344 
0.528288 0.528241 0.528249 0.528195 0.528135 0.528085 0.528065 0.528031 0.528099 0.528043 0.527981 0.528095 0.528212 0.528157 0.528101 0.52847 0.528414 0.528358 0.528662 0.528608 
0.528553 0.528497 0.528441 0.528386 0.52833 0.528274 0.528286 0.52823 0.528174 0.528119 0.528063 0.52801 0.527954 0.527899 0.527843 0.527788 0.527732 0.527676 0.527641 0.527585 
0.52753 0.527723 0.527788 0.527732 0.528191 0.528136 0.52808 0.528041 0.527998 0.527942 0.527887 0.527831 0.527789 0.527746 0.527891 0.52796 0.527919 0.527864 0.527869 0.527814 
0.527758 0.527781 0.528189 0.528133 0.528097 0.528042 0.527986 0.527917 0.527862 0.527826 0.527815 0.527759 0.528015 0.52796 0.527941 0.527885 0.52783 0.527775 0.527761 0.527706 
0.527631 0.527614 0.527634 0.52758 0.527547 0.527492 0.527436 0.527381 0.527326 0.527271 0.527215 0.52716 0.527105 0.52705 0.527233 0.527178 0.527163 0.527108 0.527053 0.527338 
0.527924 0.527883 0.527828 0.527773 0.527718 0.527662 0.527629 0.527574 0.527519 0.527464 0.52742 0.527444 0.527388 0.527333 0.527278 0.527223 0.527136 0.527081 0.527042 0.526987 
0.526926 0.527014 0.526959 0.527076 0.527021 0.527143 0.527088 0.52723 0.527175 0.527141 0.527088 0.527033 0.527121 0.527066 0.527183 0.527128 0.527073 0.527038 0.526983 0.526928 
0.526893 0.526894 0.526839 0.526784 0.526782 0.526783 0.526728 0.526674 0.526619 0.526568 0.526514 0.526736 0.526681 0.526626 0.526726 0.526671 0.526616 0.526561 0.526507 0.526477 
0.526422 0.526367 0.526299 0.526244 0.52619 0.526159 0.526104 0.526155 0.5261 0.526046 0.526078 0.526026 0.526106 0.526191 0.526137 0.526082 0.526027 0.525973 0.525918 0.52586 
0.525805 0.525751 0.525935 0.52589 0.525843 0.525929 0.525874 0.525929 0.525878 0.525823 0.525769 0.525739 0.525684 0.52563 0.525635 0.525581 0.525571 0.525516 0.525462 0.525415 
0.526751 0.526697 0.526647 0.526593 0.526538 0.526484 0.526429 0.526375 0.52657 0.526515 0.526538 0.526484 0.526429 0.526375 0.526566 0.526511 0.526457 0.526497 0.526443 0.526388 
0.526332 0.526399 0.526344 0.526252 0.526198 0.526144 0.52632 0.526283 0.526228 0.526174 0.52612 0.526065 0.526018 0.525961 0.525907 0.525853 0.525799 0.525745 0.525751 0.525696 
0.525642 0.525588 0.525618 0.525581 0.525527 0.525572 0.525774 0.525707 0.525648 0.525746 0.525692 0.526046 0.526009 0.52597 0.525916 0.525901 0.525847 0.525793 0.525739 0.525685 
0.525644 0.525717 0.525663 0.525609 0.525555 0.52551 0.525483 0.525495 0.525742 0.5259 0.525846 0.525792 0.525738 0.525684 0.52581 0.525759 0.525705 0.525651 0.52565 0.525595 
0.525525 0.525471 0.525417 0.525425 0.525372 0.525318 0.525264 0.525206 0.525152 0.525085 0.525058 0.525004 0.525006 0.524952 0.524899 0.524845 0.524791 0.524737 0.524683 0.52463 
0.524576 0.524522 0.524468 0.524415 0.524531 0.524477 0.524542 0.524576 0.525028 0.524975 0.525221 0.525168 0.525114 0.525113 0.52506 0.525003 0.524927 0.524873 0.524887 0.525714 
0.52566 0.525802 0.525748 0.525695 0.525641 0.525605 0.525598 0.52557 0.525527 0.525474 0.525423 0.525369 0.525315 0.525262 0.525793 0.52574 0.525678 0.525625 0.525571 0.525527 
0.52555 0.525563 0.525415 0.525362 0.525308 0.525254 0.525289 0.525235 0.525203 0.52515 0.525087 0.525033 0.52515 0.525096 0.525043 0.524989 0.524936 0.524892 0.524838 0.524813 
0.52476 0.524706 0.524653 0.524599 0.524546 0.524493 0.524439 0.524386 0.524314 0.524261 0.524208 0.524154 0.524103 0.524041 0.523988 0.523949 0.523895 0.523842 0.523789 0.523736 
0.52394 0.524136 0.524082 0.524169 0.524467 0.524414 0.524361 0.524432 0.524379 0.524327 0.524274 0.524415 0.524362 0.524411 0.524374 0.524319 0.524266 0.524223 0.52429 0.524237 
0.524377 0.524324 0.524299 0.524239 0.524186 0.524183 0.524728 0.524677 0.524819 0.524985 0.525091 0.525127 0.52511 0.525056 0.525003 0.525084 0.525031 0.524978 0.524908 0.524855 
0.524801 0.524937 0.524882 0.524829 0.524776 0.524723 0.52467 0.524627 0.524574 0.524521 0.524828 0.524775 0.524722 0.524759 0.524917 0.524864 0.524811 0.524881 0.524836 0.524783 
0.52473 0.524677 0.524624 0.524588 0.524535 0.524482 0.524429 0.524376 0.524323 0.52427 0.524217 0.524165 0.524112 0.524059 0.524006 0.523953 0.523911 0.523858 0.523803 0.52375 
0.523697 0.52364 0.523736 0.523807 0.523754 0.523701 0.523648 0.523597 0.523544 0.523565 0.523513 0.523468 0.523415 0.523363 0.52331 0.523257 0.523205 0.523157 0.523145 0.523104 
0.523476 0.523423 0.523371 0.523563 0.523511 0.523585 0.523533 0.523543 0.523505 0.523453 0.5234 0.523347 0.523678 0.523625 0.52356 0.523797 0.523736 0.523683 0.523793 0.524004 
0.523943 0.523906 0.52386 0.523948 0.523896 0.52387 0.523817 0.523765 0.523712 0.523655 0.523627 0.523575 0.523522 0.523481 0.523428 0.52345 0.523409 0.523498 0.523446 0.523426 
0.523374 0.523322 0.523269 0.523234 0.523182 0.523129 0.52329 0.523988 0.523935 0.524236 0.524184 0.524355 0.524303 0.52425 0.524198 0.524656 0.524603 0.524551 0.524498 