0.0977919 0.0488959 0.146666 0.130482 0.215849 0.179874 0.154178 0.134905 0.400672 0.360605 0.327823 0.602337 0.766161 0.719567 0.726146 0.68817 0.90661 0.856243 0.846277 0.833735 0.794033 
0.757941 0.724987 0.760016 0.729615 0.701553 0.693245 0.669148 0.646074 0.624538 0.604391 0.585504 0.567873 0.556341 0.542954 0.527871 0.513605 0.508308 0.499416 0.528776 0.515879 
0.503596 0.491885 0.480705 0.476393 0.504876 0.506067 0.556188 0.544837 0.534343 0.523866 0.557169 0.565517 0.578987 0.56846 0.558308 0.548514 0.54733 0.538054 0.529086 0.520413 
0.512019 0.503892 0.496018 0.493225 0.494149 0.579314 0.570795 0.602811 0.594199 0.58583 0.581587 0.57362 0.565868 0.558323 0.552619 0.545442 0.538449 0.531634 0.524988 0.537962 
0.543728 0.537178 0.532974 0.526704 0.52058 0.514596 0.508748 0.586445 0.58006 0.573686 0.572956 0.566795 0.560766 0.554863 0.550116 0.544445 0.582042 0.576163 0.570401 0.564754 
0.559217 0.553788 0.548463 0.54324 0.554645 0.549462 0.544374 0.539791 0.536533 0.534676 0.529902 0.525635 0.521168 0.516636 0.512182 0.507805 0.503501 0.49927 0.49511 0.510773 
0.507581 0.503455 0.499835 0.498746 0.494788 0.490892 0.487308 0.501708 0.497849 0.494048 0.490306 0.487583 0.483944 0.480702 0.48189 0.478373 0.475185 0.472591 0.472301 0.468951 
0.465649 0.463091 0.463458 0.460262 0.457109 0.453999 0.511437 0.527561 0.524044 0.520646 0.517221 0.51384 0.510959 0.508039 0.524605 0.523428 0.520115 0.522014 0.531409 0.528108 
0.524848 0.523977 0.520804 0.546688 0.543395 0.540141 0.536926 0.533749 0.531329 0.528222 0.525176 0.525443 0.522424 0.524451 0.521472 0.51875 0.515836 0.512954 0.510104 0.529012 
0.527108 0.525687 0.52283 0.520003 0.517208 0.514442 0.511706 0.508998 0.506947 0.504293 0.501667 0.499067 0.498999 0.49644 0.52237 0.519719 0.517094 0.514495 0.511923 0.509376 
0.513805 0.511274 0.508768 0.506286 0.503846 0.509557 0.508253 0.505821 0.503412 0.505952 0.503599 0.501234 0.498898 0.496577 0.494278 0.493616 0.491351 0.493142 0.490901 0.488679 
0.486478 0.484296 0.483872 0.481724 0.482091 0.479967 0.477862 0.475776 0.473707 0.471656 0.469623 0.470472 0.470306 0.46841 0.49666 0.495772 0.493689 0.491809 0.492502 0.493239 
0.491593 0.489602 0.487596 0.485606 0.48995 0.487966 0.487688 0.487641 0.486047 0.48411 0.482308 0.480402 0.478511 0.479727 0.478586 0.485357 0.488981 0.501497 0.499568 0.497654 
0.496888 0.516088 0.514133 0.512193 0.510267 0.508671 0.506773 0.504904 0.505705 0.503839 0.501987 0.500148 0.498323 0.496511 0.494712 0.493512 0.491737 0.489974 0.488224 0.486487 
0.484762 0.49366 0.492135 0.490408 0.488694 0.491223 0.48952 0.495487 0.493794 0.493709 0.501339 0.501732 0.500025 0.49833 0.496646 0.495376 0.493714 0.492063 0.490422 0.488843 
0.487224 0.490432 0.488819 0.487618 0.493693 0.492995 0.492602 0.495838 0.494307 0.492718 0.507265 0.511822 0.510192 0.513324 0.511699 0.510085 0.508481 0.506887 0.506701 0.505195 
0.503626 0.502067 0.500896 0.509179 0.507618 0.506436 0.50733 0.506416 0.50584 0.507494 0.508496 0.511951 0.521437 0.519881 0.518333 0.516795 0.515266 0.513746 0.512235 0.512992 
0.520982 0.519463 0.517953 0.517112 0.515617 0.514132 0.512654 0.511291 0.50983 0.516259 0.514792 0.513456 0.52453 0.523053 0.521583 0.520122 0.51867 0.52001 0.519256 0.517818 
0.516387 0.51678 0.515361 0.513961 0.512557 0.511384 0.509995 0.508713 0.507338 0.50597 0.50461 0.503259 0.501913 0.500708 0.499741 0.498416 0.498323 0.497203 0.503299 0.504452 
0.503132 0.501818 0.500949 0.49975 0.540942 0.541107 0.539713 0.542185 0.54227 0.544342 0.543961 0.542577 0.5412 0.53983 0.538467 0.537111 0.536976 0.53563 0.534774 0.53344 
0.536149 0.54231 0.544532 0.545726 0.544381 0.543044 0.541713 0.540388 0.540286 0.540052 0.540292 0.538984 0.537682 0.536963 0.535673 0.534388 0.541866 0.540572 0.539285 0.538004 
0.543529 0.542244 0.558211 0.556898 0.55559 0.554289 0.552994 0.551705 0.550422 0.549591 0.548673 0.551514 0.555353 0.554076 0.552805 0.551587 0.550327 0.556212 0.554948 0.557198 
0.557054 0.55604 0.554788 0.553541 0.560749 0.562644 0.562155 0.560903 0.559657 0.558416 0.560457 0.55922 0.557988 0.556762 0.555541 0.554325 0.55318 0.551975 0.550807 0.549612 
0.548422 0.547436 0.546256 0.545098 0.547557 0.547098 0.546967 0.5458 0.544639 0.565737 0.564695 0.563502 0.562313 0.562241 0.56106 0.559883 0.558712 0.559754 0.559127 0.557964 
0.556989 0.559566 0.559464 0.558405 0.557256 0.556112 0.558409 0.557267 0.557137 0.556218 0.555109 0.555983 0.554857 0.56281 0.56168 0.56055 0.559433 0.558312 0.557195 0.556083 
0.554976 0.554393 0.555095 0.553996 0.55305 0.553363 0.552274 0.551243 0.550162 0.550798 0.550174 0.549102 0.548783 0.555944 0.554866 0.553793 0.552724 0.552339 0.554358 0.553294 
0.552234 0.551178 0.550126 0.549078 0.549964 0.548921 0.548789 0.547751 0.546718 0.545688 0.544663 0.543641 0.542623 0.541608 0.540598 0.539603 0.5386 0.537601 0.536605 0.538242 
0.537248 0.536259 0.542729 0.541733 0.540886 0.54247 0.541482 0.54686 0.545865 0.54961 0.548614 0.547622 0.546634 0.545649 0.544697 0.543719 0.546145 0.545168 0.544195 0.543846 
0.546116 0.545146 0.544179 0.543216 0.54229 0.541333 0.54038 0.542754 0.541802 0.541016 0.542277 0.54226 0.554996 0.554071 0.553109 0.552182 0.552324 0.551374 0.552797 0.554889 
0.554804 0.553901 0.552952 0.552007 0.551065 0.550126 0.549191 0.548258 0.547329 0.546403 0.54548 0.54456 0.543643 0.542729 0.541819 0.542228 0.542264 0.541359 0.540856 0.539956 
0.539074 0.538295 0.537403 0.536515 0.53563 0.534747 0.533868 0.532991 0.532117 0.531246 0.530378 0.530814 0.530009 0.529147 0.528288 0.527436 0.527627 0.526774 0.532235 0.533583 
0.534256 0.533456 0.533181 0.532328 0.532205 0.531356 0.53051 0.529667 0.531115 0.530273 0.529434 0.528598 0.52777 0.526938 0.526676 0.528393 0.530923 0.537095 0.536513 0.535751 
0.534917 0.534085 0.533513 0.532686 0.531862 0.54072 0.539886 0.539054 0.538224 0.538809 0.537983 0.537159 0.542829 0.543442 0.54276 0.541934 0.542955 0.542131 0.54131 0.541227 
0.542141 0.541323 0.551001 0.551936 0.553879 0.553049 0.552221 0.551395 0.550573 0.549752 0.548934 0.548118 0.555703 0.555171 0.555427 0.554839 0.559279 0.558455 0.557841 0.557224 
0.557286 0.560095 0.562112 0.561291 0.560473 0.559657 0.559342 0.564063 0.563245 0.56243 0.567053 0.566235 0.565419 0.564605 0.563829 0.56302 0.56229 0.561485 0.562252 0.561478 
0.560678 0.55988 0.560976 0.560181 0.560212 0.559764 0.559847 0.559057 0.558279 0.557494 0.556711 0.55593 0.555152 0.554375 0.554913 0.554139 0.553367 0.552597 0.55183 0.551064 
0.550301 0.54954 0.548781 0.548024 0.547286 0.546534 0.545783 0.545034 0.544288 0.54372 0.542977 0.542236 0.541513 0.540777 0.540043 0.53931 0.542475 0.541899 0.541167 0.541904 
0.541174 0.540474 0.540619 0.539893 0.53942 0.538698 0.538163 0.538023 0.53742 0.536705 0.542522 0.543908 0.543343 0.542624 0.554988 0.554255 0.553523 0.552794 0.553506 0.552779 
0.552455 0.553065 0.566018 0.566295 0.566728 0.56599 0.565253 0.564518 0.563784 0.563053 0.562324 0.563908 0.56318 0.562453 0.562738 0.562013 0.561737 0.561208 0.560717 0.561875 
0.56292 0.562201 0.563103 0.564999 0.564281 0.563564 0.562848 0.562135 0.561759 0.562871 0.562161 0.561452 0.560745 0.560039 0.559345 0.559184 0.558483 0.557784 0.557087 0.556391 
0.560018 0.559756 0.55906 0.55851 0.558074 0.557383 0.556693 0.556005 0.558406 0.557718 0.558461 0.559936 0.559248 0.564037 0.570074 0.570882 0.570184 0.569488 0.568794 0.568101 
0.569878 0.569186 0.568904 0.568214 0.57331 0.57362 0.574917 0.574224 0.573532 0.572842 0.572369 0.571682 0.571407 0.571082 0.570398 0.569834 0.569458 0.568779 0.568744 0.577767 
0.57708 0.576878 0.580274 0.583182 0.582493 0.581806 0.58112 0.580601 0.579918 0.579758 0.579077 0.578398 0.577731 0.581251 0.581592 0.582443 0.581765 0.581087 0.580586 0.580088 
0.579415 0.578744 0.578856 0.578187 0.577953 0.577286 0.57672 0.576056 0.575425 0.576834 0.576172 0.577435 0.578934 0.578273 0.577613 0.576954 0.577189 0.577315 0.577462 0.576806 
0.581371 0.580712 0.580055 0.5794 0.579135 0.578482 0.577831 0.577181 0.576532 0.577947 0.577555 0.578697 0.578764 0.578146 0.577501 0.579103 0.578458 0.577919 0.577277 0.576636 
0.577233 0.576594 0.578135 0.577497 0.576859 0.578063 0.577426 0.576791 0.584956 0.592598 0.591961 0.591313 0.590666 0.5916 0.590955 0.59031 0.59011 0.589468 0.608298 0.610098 
0.609436 0.608776 0.610196 0.609536 0.608878 0.608354 0.607728 0.607075 0.606423 0.605771 0.605154 0.604526 0.604111 0.603465 0.602828 0.602185 0.601543 0.600977 0.600388 0.601635 
0.601022 0.606182 0.605607 0.604966 0.604327 0.603689 0.603052 0.602416 0.601782 0.605811 0.605175 0.604796 0.604162 0.603529 0.602925 0.602295 0.609292 0.608749 0.608115 0.607819 
0.607202 0.606647 0.606327 0.605699 0.605072 0.604969 0.604344 0.60527 0.604646 0.608658 0.608032 0.609326 0.608731 0.608147 0.608354 0.607731 0.60711 0.60649 0.605871 0.605618 
0.605001 0.604386 0.604042 0.606099 0.605484 0.609347 0.617252 0.616628 0.616827 0.616204 0.615583 0.614993 0.614375 0.613764 0.613148 0.612533 0.611919 0.611306 0.612161 