0 0 0 0 0.0027874 0.00243853 0.00209017 0.0018289 0.00162569 0.0256946 0.0233588 0.0214122 0.0197651 0.0183533 0.0171298 0.0664895 0.0955607 0.0902518 0.0855017 0.0812266 0.0773587 
0.0843949 0.137154 0.132948 0.12763 0.364322 0.350829 0.345834 0.333908 0.324344 0.313881 0.31154 0.302099 0.293214 0.287165 0.311679 0.303255 0.295494 0.287917 0.299432 0.292128 
0.306587 0.299457 0.292651 0.286148 0.279927 0.273971 0.268437 0.263592 0.25832 0.253255 0.321944 0.315869 0.31002 0.32696 0.321121 0.315487 0.310048 0.30502 0.308392 0.303336 
0.298444 0.293707 0.297221 0.29659 0.292096 0.287784 0.283552 0.308013 0.462279 0.476716 0.470095 0.463655 0.462355 0.464639 0.458598 0.452642 0.446839 0.498751 0.492516 0.487031 
0.482423 0.50104 0.495654 0.489823 0.490598 0.487421 0.481939 0.505017 0.516592 0.557071 0.558722 0.567684 0.561645 0.590953 0.586202 0.65842 0.664783 0.658068 0.653807 0.647334 
0.640987 0.634764 0.629911 0.623912 0.62914 0.62326 0.617489 0.611824 0.607041 0.610026 0.604579 0.600104 0.594839 0.589712 0.586472 0.589903 0.584904 0.59716 0.592183 0.587289 
0.582475 0.57774 0.575717 0.571111 0.566578 0.562289 0.557896 0.553571 0.549313 0.545119 0.54099 0.574696 0.570407 0.566182 0.562019 0.557917 0.553874 0.5594 0.555887 0.562045 
0.568175 0.575371 0.573872 0.569915 0.566011 0.562161 0.558529 0.555172 0.55157 0.547917 0.544312 0.541962 0.538443 0.535389 0.531969 0.530643 0.529605 0.526275 0.522985 0.519737 
0.516529 0.519288 0.516121 0.512993 0.509903 0.507645 0.504623 0.506255 0.503277 0.500334 0.497425 0.510345 0.507412 0.504554 0.501754 0.499354 0.497464 0.495999 0.494286 0.515897 
0.516421 0.513599 0.510808 0.508047 0.506054 0.503347 0.501095 0.498545 0.507548 0.504891 0.502261 0.499659 0.497083 0.494534 0.507424 0.505478 0.512598 0.521079 0.518474 0.526773 
0.524165 0.523361 0.521011 0.518595 0.519503 0.516994 0.518883 0.5164 0.513941 0.511506 0.509093 0.520151 0.51772 0.515312 0.515837 0.51346 0.511917 0.50958 0.507263 0.511834 
0.509902 0.507616 0.505988 0.503885 0.501656 0.499446 0.49764 0.502237 0.500053 0.515296 0.517593 0.515372 0.513169 0.514777 0.512596 0.510433 0.508288 0.508127 0.506009 0.504347 
0.503302 0.501984 0.501308 0.499347 0.497318 0.495304 0.493307 0.491326 0.489361 0.489528 0.491397 0.491241 0.502573 0.500603 0.498931 0.49699 0.500143 0.499696 0.501435 0.499514 
0.497608 0.495716 0.503233 0.510654 0.508734 0.519141 0.517204 0.515285 0.517228 0.515319 0.514789 0.512903 0.511031 0.509173 0.507328 0.507289 0.505992 0.504178 0.502517 0.500729 
0.504151 0.50237 0.500601 0.498845 0.4971 0.495368 0.494329 0.493241 0.49154 0.489851 0.488173 0.488346 0.489828 0.488168 0.491111 0.489457 0.488298 0.487099 0.485952 0.495427 
0.493787 0.492157 0.490538 0.49171 0.490204 0.489422 0.487833 0.486254 0.484686 0.483127 0.481579 0.48004 0.478511 0.48004 0.478521 0.477011 0.475511 0.474021 0.472603 0.471131 
0.469668 0.468392 0.466946 0.46557 0.464142 0.468096 0.467175 0.465755 0.466401 0.473521 0.472105 0.470796 0.469386 0.467985 0.466592 0.467169 0.465787 0.465479 0.46411 0.465851 
0.464489 0.472776 0.471402 0.470036 0.468677 0.467372 0.466029 0.464755 0.463427 0.463372 0.462094 0.46462 0.463307 0.462002 0.460704 0.459504 0.462198 0.460911 0.459647 0.458373 
0.480477 0.483996 0.482692 0.481369 0.480054 0.478746 0.477445 0.478402 0.477522 0.476235 0.474954 0.473681 0.472417 0.47399 0.473588 0.472331 0.472269 0.471023 0.46983 0.469308 
0.487361 0.486088 0.486235 0.486048 0.484789 0.483537 0.484167 0.482923 0.481684 0.480452 0.479569 0.478348 0.477918 0.479175 0.478497 0.48579 0.484599 0.490292 0.489479 0.488258 
0.487043 0.485835 0.485412 0.484214 0.484459 0.484381 0.485522 0.484715 0.483533 0.482356 0.483634 0.482463 0.483881 0.482715 0.481555 0.480458 0.479309 0.478599 0.47746 0.481338 
0.481409 0.480271 0.479173 0.489428 0.488279 0.487136 0.486219 0.485085 0.484249 0.485621 0.484876 0.48433 0.483234 0.482123 0.481017 0.479917 0.478821 0.47773 0.476644 0.475585 
0.474509 0.476161 0.475089 0.474195 0.473131 0.472073 0.471541 0.470491 0.469445 0.470734 0.469693 0.468656 0.46767 0.468554 0.467756 0.466733 0.465713 0.464699 0.463689 0.462683 
0.461681 0.460684 0.459691 0.458703 0.462282 0.461292 0.46221 0.461224 0.460243 0.459266 0.458293 0.458086 0.457602 0.456639 0.455679 0.454927 0.460579 0.459617 0.45866 0.457706 
0.457823 0.458258 0.45926 0.458498 0.458791 0.457949 0.457011 0.457626 0.456692 0.455762 0.454836 0.453913 0.452994 0.465604 0.464665 0.46373 0.462799 0.461871 0.461522 0.4606 
0.460537 0.463306 0.462387 0.461604 0.460692 0.459784 0.458878 0.459735 0.459683 0.458784 0.457887 0.456995 0.456106 0.45522 0.454338 0.45522 0.461526 0.460637 0.459751 0.458869 
0.45799 0.457114 0.456387 0.459152 0.458279 0.457409 0.456543 0.45568 0.45482 0.453964 0.45311 0.45226 0.451886 0.451042 0.453941 0.455018 0.45558 0.469637 0.469642 0.468774 
0.467909 0.467047 0.470791 0.469927 0.469066 0.468209 0.467355 0.468709 0.469173 0.468648 0.467799 0.472794 0.471941 0.47109 0.470277 0.469558 0.468716 0.468003 0.467254 0.466421 
0.469132 0.468299 0.467469 0.467136 0.469018 0.472587 0.472396 0.471566 0.470738 0.471793 0.471198 0.473639 0.47395 0.473126 0.472304 0.471486 0.47067 0.469857 0.469047 0.46824 
0.471345 0.47054 0.469734 0.468931 0.468323 0.467525 0.466879 0.466864 0.46724 0.46645 0.465662 0.470771 0.470366 0.469575 0.470928 0.47014 0.474888 0.476471 0.475813 0.476469 
0.475694 0.476277 0.475488 0.474702 0.476305 0.475652 0.47487 0.47409 0.473313 0.472538 0.472198 0.471428 0.47149 0.470723 0.471036 0.470272 0.469511 0.468753 0.468623 0.469753 
0.468998 0.470128 0.469375 0.468624 0.467875 0.467129 0.467956 0.467212 0.472225 0.471665 0.473891 0.473145 0.472684 0.471939 0.473145 0.472402 0.474082 0.47334 0.47384 0.473101 
0.472364 0.471629 0.470954 0.470898 0.470169 0.46974 0.469015 0.468293 0.467572 0.468408 0.46769 0.467122 0.466618 0.465906 0.46593 0.465221 0.464514 0.463809 0.463647 0.462946 
0.462246 0.462323 0.461627 0.461026 0.460444 0.459753 0.460797 0.461171 0.460483 0.459796 0.459112 0.458447 0.457767 0.457089 0.456421 0.456322 0.455649 0.454978 0.454309 0.453642 
0.452977 0.452313 0.451652 0.450993 0.450335 0.453331 0.45326 0.452602 0.457424 0.457019 0.457386 0.456866 0.457033 0.456376 0.458665 0.458007 0.45735 0.456696 0.456381 0.45573 
0.460871 0.460215 0.459561 0.460549 0.459897 0.459246 0.462168 0.46618 0.465523 0.464868 0.464215 0.463564 0.462915 0.463925 0.463277 0.462631 0.461987 0.461344 0.474164 0.473507 
0.472851 0.472197 0.471545 0.47119 0.470541 0.471689 0.482558 0.481936 0.481511 0.480853 0.480196 0.479541 0.478887 0.478236 0.477586 0.476938 0.476292 0.476314 0.475671 0.475029 
0.474843 0.475397 0.47538 0.474742 0.474105 0.474218 0.473664 0.474269 0.473637 0.476248 0.475615 0.474983 0.474353 0.473725 0.47311 0.473873 0.473248 0.472624 0.473218 0.472596 
0.471976 0.47163 0.475641 0.475019 0.474399 0.473781 0.473164 0.474453 0.473844 0.473508 0.472904 0.472292 0.47284 0.47223 0.472154 0.471546 0.47094 0.470377 0.469773 0.469172 
0.469925 0.476718 0.477885 0.478198 0.477589 0.476983 0.477831 0.477226 0.476774 0.477662 0.477059 0.476457 0.475857 0.475259 0.477399 0.482954 0.482384 0.48178 0.482125 0.481523 
0.480922 0.480323 0.479726 0.47913 0.478536 0.477943 0.477351 0.476952 0.476363 0.476021 0.475681 0.477039 0.476453 0.475868 0.475285 0.475526 0.474945 0.4749 0.47637 0.476228 
0.475649 0.475122 0.474545 0.475601 0.476846 0.480567 0.479986 0.479878 0.4793 0.478723 0.48013 0.479554 0.478979 0.479737 0.483069 0.482491 0.481916 0.48796 0.48738 0.4868 
0.486222 0.485645 0.487803 0.48727 0.487021 0.486446 0.485872 0.4853 0.485086 0.486101 0.486064 0.486112 0.486383 0.485815 0.485247 0.484709 0.484307 0.483744 0.483181 0.483315 
0.482754 0.483047 0.482488 0.486576 0.486014 0.485454 0.484895 0.484337 0.48437 0.483814 0.483259 0.482709 0.482157 0.481605 0.481056 0.480784 0.480236 0.47969 0.479468 0.479189 
0.478646 0.479655 0.479576 0.479465 0.479139 0.487164 0.488721 0.488171 0.487623 0.487075 0.503869 0.503304 0.502741 0.50218 0.501619 0.50106 0.500502 0.499945 0.50001 0.499455 
0.498902 0.498349 0.497798 0.497248 0.500545 0.499993 0.499443 0.498946 0.498463 0.498096 0.497884 0.497339 0.496794 0.496251 0.49571 0.495169 0.49463 0.494117 0.49358 0.493059 
0.492549 0.492015 0.491483 0.490951 0.490421 0.489953 0.489448 0.488921 0.49086 0.490333 0.489808 0.489328 0.488804 0.492311 0.492116 0.491642 0.491118 0.490595 0.490073 0.489552 
0.489033 0.488514 0.48821 0.487693 0.487178 0.486663 0.491088 0.49057 0.49013 0.489615 0.489143 0.489723 0.489209 0.488743 0.488242 0.487732 0.487223 0.487519 0.487599 0.487095 
0.486589 0.486084 0.48558 0.490633 0.490182 0.490858 0.490489 0.490046 0.494822 0.494312 0.493804 0.493386 0.49288 0.492374 0.491875 0.491371 0.490869 0.490906 0.491737 0.491236 
0.490736 0.490617 0.49339 0.495599 0.495097 0.494595 0.494095 0.493595 0.493096 0.493288 0.492791 0.49249 0.491995 0.4915 0.491007 0.491452 0.496212 0.497001 0.496504 0.496008 
0.495513 0.497198 0.497368 0.496873 0.496387 0.496387 0.495895 0.495403 0.494913 0.494423 0.493935 0.493447 0.493281 0.492871 0.492386 0.491902 0.491419 0.490956 0.49206 0.494813 
0.494329 0.493846 0.49402 0.493538 0.493231 0.492901 0.492421 0.491943 0.491465 0.492905 0.492428 0.491951 0.491569 0.491094 0.49062 0.490147 0.489802 0.490638 0.491071 0.490599 
0.490128 0.489658 0.491758 0.498799 0.498384 0.497908 0.497433 0.49742 0.496949 0.496476 0.496334 0.495917 0.496054 0.495878 0.496332 0.495863 0.495394 0.499688 0.499216 0.499445 
0.499232 0.498983 0.501523 0.501353 0.500883 0.500413 0.501251 0.500782 0.500615 0.500147 0.499681 0.499215 0.502656 0.502189 0.505081 0.507614 0.507765 0.507294 0.506825 0.506485 
0.506017 0.50555 0.505109 0.504643 0.507058 0.514668 0.514195 0.518384 0.517908 0.517433 0.516959 0.520697 0.520519 0.520044 0.519954 0.521888 0.522256 0.522117 0.521642 0.523718 
0.523243 0.522769 0.522295 0.521987 0.521771 0.521561 0.527282 0.526806 0.527611 0.527136 0.526738 0.526265 0.525806 0.525334 0.525396 0.52527 0.525101 0.526553 0.526083 0.525636 
0.525177 0.524714 0.524247 0.523781 0.523316 0.522852 0.522388 0.521926 0.521588 0.521498 0.521037 0.524107 0.523645 0.523184 0.523892 0.524554 0.524136 0.523676 0.523836 0.523377 
0.522938 0.52248 0.522399 0.521942 0.521487 0.52109 0.520636 0.520183 0.520152 0.51997 0.519519 0.520782 0.520331 0.51988 0.519431 0.518982 0.518844 0.518397 0.51795 0.518771 
0.518358 0.517912 0.517469 0.519666 0.521602 0.527567 0.527116 0.526665 0.526917 0.528131 0.528677 0.529025 0.528662 0.528212 0.527763 0.531876 0.532959 0.532959 0.532507 0.532056 
0.531606 0.531896 0.531446 0.531191 0.53238 0.531932 0.531484 0.531037 0.531707 0.531262 0.530816 0.534263 0.53471 0.534263 0.533816 0.53737 0.537196 0.536748 0.536301 0.535854 
0.535556 0.535357 0.535007 0.534563 0.53412 0.535995 0.542888 0.542439 0.54199 0.542346 0.541898 0.546772 0.546321 0.545872 0.545423 0.544975 0.544527 0.544081 0.543635 0.546327 
0.545886 0.545465 0.545152 0.552711 0.55226 0.553343 0.552892 0.552442 0.552177 0.552253 0.551832 0.551778 0.551443 0.551631 0.551185 0.55074 0.551188 0.550743 0.550299 0.550218 
0.54996 0.549518 0.550497 0.550055 0.550998 0.550556 0.550115 0.549939 0.549499 0.549059 0.550116 0.549677 0.549238 0.548934 0.548497 0.548606 0.549071 0.548635 0.548508 0.548073 
0.547639 0.547205 0.546772 0.54634 0.545908 0.550798 0.551118 0.550683 0.55025 0.550046 0.54962 0.549188 0.548757 0.548326 0.547897 0.547483 0.547055 0.546627 0.54813 0.548595 
0.548167 0.549766 0.549365 0.548937 0.54851 0.548232 0.547808 0.548343 0.548202 0.547777 0.547471 0.548377 0.54801 0.547587 0.548273 0.548017 0.547595 0.547174 0.546753 0.546333 
0.545913 0.545787 0.547168 0.546749 0.546331 0.545913 0.545495 0.548642 0.548398 0.54798 0.547562 0.547145 0.546729 0.547481 0.547082 0.546666 0.546848 0.546434 0.54602 0.545607 
0.545247 0.544835 0.544423 0.544012 0.544053 0.543816 0.543435 0.543999 0.54359 0.543213 0.542805 0.542514 0.542108 0.541702 0.541296 0.540948 0.540572 0.541838 0.541433 0.541306 
0.541103 0.541534 0.541131 0.545072 0.544667 0.544498 0.544263 0.543859 0.544002 0.543766 0.543364 0.545925 0.545945 0.545542 0.54514 0.544881 0.544479 0.544127 0.544251 0.543851 
0.543452 0.543053 0.542655 0.542257 0.544737 0.544338 0.54405 0.543653 0.543256 0.54286 0.5425 0.542105 0.541757 0.541363 0.542193 0.541814 0.541421 0.541028 0.540766 0.540384 
0.539996 0.539709 0.539319 0.539086 0.538697 0.538319 0.537931 0.53777 0.539878 0.541016 0.54074 0.540352 0.539964 0.540934 0.544513 0.544123 0.54537 0.54498 0.544591 0.547556 
0.547165 0.546775 0.546386 0.545997 0.545609 0.545221 0.544847 0.54446 0.544123 0.549431 0.549042 0.548932 0.548544 0.548156 0.547769 0.547383 0.546997 0.546611 0.546226 0.545842 
0.545458 0.545075 0.544692 0.544353 0.544466 0.545299 0.546711 0.546328 0.546189 0.545807 0.545455 0.54524 0.54486 0.54448 0.544101 0.543824 0.543446 0.543068 0.542789 0.543279 
0.542903 0.542827 0.542451 0.542076 0.541701 0.541326 0.540953 0.541201 0.540828 0.540455 0.540083 0.539711 0.540059 0.539771 0.539401 0.539388 0.539018 0.538648 0.538279 0.537911 
0.537543 0.537175 0.536809 0.536442 0.537279 0.538652 0.538477 0.538111 0.542577 0.542738 0.545883 0.545512 0.545142 0.544773 0.544403 0.544035 0.543967 0.5436 0.547098 0.546729 
0.546557 0.546189 0.545821 0.545453 0.545086 0.544752 0.544386 0.54402 0.543655 0.54329 0.54365 0.543286 0.542922 0.544073 0.543879 0.543515 0.543153 0.54279 0.54284 0.542478 
0.542117 0.541756 0.541396 0.541123 0.541254 0.540895 0.540545 0.540187 0.539892 0.539535 0.539543 0.539186 0.540159 0.539802 0.539446 0.539091 0.538735 0.538381 0.538027 0.538022 
0.537709 0.537356 0.537003 0.537179 0.536826 0.536475 0.536261 0.537494 0.537143 0.536849 0.536498 0.540047 0.539695 0.539367 0.539146 0.539289 0.538938 0.538588 0.538239 0.538118 
0.537769 0.537486 0.537138 0.53679 0.536458 0.536111 0.535765 0.535419 0.535074 0.534729 0.534384 0.534128 0.534388 0.534045 0.533701 0.534925 0.534582 0.534239 0.533939 0.533597 
0.533255 0.532914 0.536235 0.536928 0.536585 0.536243 0.535901 0.535774 0.535613 0.535748 0.53581 0.535469 0.535184 0.534844 0.535551 0.535265 0.534926 0.534605 0.534637 0.534299 
0.533961 0.533624 0.533767 0.534188 0.533851 0.533515 0.533214 0.53365 0.533314 0.532979 0.532651 0.53246 0.532564 0.53223 0.531897 0.531689 0.531356 0.531399 0.531568 0.531236 
0.530904 0.530628 0.530297 0.529967 0.530436 0.530106 0.529777 0.529447 0.529875 0.529546 0.529218 0.52939 0.529145 0.529361 0.529034 0.530076 0.530538 0.531615 0.533228 0.532899 
0.533504 0.534035 0.533707 0.533775 0.533446 0.533119 0.532795 0.532792 0.532498 0.532171 0.533113 0.533132 0.532806 0.53248 0.532168 0.531843 0.531519 0.531194 0.53087 0.531645 
0.531707 0.531688 0.531373 0.53105 0.530904 0.530631 0.530345 0.530535 0.530252 0.530758 0.530437 0.530116 0.530645 0.530324 0.530004 0.529684 0.529364 0.529045 0.528727 0.528408 
0.52809 0.52779 0.527995 0.530137 0.531535 0.532179 0.53186 0.532033 0.531714 0.531821 0.531503 0.531185 0.530868 0.530551 0.530249 0.53 0.529684 0.529369 0.529054 0.529401 
0.529158 0.528843 0.528557 0.528243 0.52793 0.53258 0.532264 0.531949 0.531635 0.531322 0.531327 0.531892 0.531578 0.533407 0.5332 0.532921 0.532607 0.532293 0.532104 0.531791 
0.531478 0.531166 0.531024 0.5331 0.534531 0.534218 0.533905 0.533592 0.534374 0.534061 0.533749 0.533948 0.533637 0.533647 0.533336 0.533026 0.532764 0.533919 0.533608 0.533298 
0.532988 0.532807 0.532987 0.532678 0.534097 0.535378 0.535076 0.534767 0.534458 0.535144 0.534848 0.53505 0.534741 0.53458 0.534272 0.533965 0.533658 0.534613 0.534306 0.534318 
0.534011 0.53496 0.534653 0.534675 0.534507 0.534201 0.534888 0.534582 0.53476 0.534455 0.534267 0.533963 0.534077 0.534125 0.533821 0.533517 0.533792 0.533606 0.533391 0.533088 
0.532786 0.534341 0.534308 0.534005 0.533703 0.533413 0.533113 0.532868 0.532567 0.532267 0.531966 0.531666 0.531431 0.531439 0.531139 0.531097 0.531101 0.531696 0.531398 0.532556 
0.532257 0.531959 0.531661 0.531374 0.531076 0.530779 0.530482 0.530928 0.533251 0.533087 0.532863 0.532773 0.532476 0.53218 0.531883 0.533469 0.533281 0.532994 0.532698 0.532967 
0.532671 0.532379 0.532084 0.533058 0.532763 0.532468 0.532173 0.531906 0.531612 0.531907 0.533933 0.533641 0.533347 0.534044 0.53375 0.53346 0.533166 0.532873 0.532611 0.532319 
0.532027 0.531735 0.531443 0.531152 0.531551 0.53126 0.530969 0.530679 0.531832 0.531644 0.531427 0.531137 0.531015 0.530726 0.53711 0.536817 0.536531 0.536878 0.537398 0.537106 
0.53866 0.538368 0.538076 0.537785 0.537533 0.537242 0.537268 0.538744 0.538453 0.538162 0.538558 0.538268 0.53974 0.539449 0.539158 0.538868 0.538738 0.538919 0.538724 0.53864 
0.53835 0.538061 0.538084 0.537939 0.537846 0.538197 0.537909 0.537624 0.537336 0.537049 0.536762 0.536475 0.536189 0.535961 0.535675 0.535565 0.535341 0.535056 0.53522 0.535262 
0.534978 0.534694 0.534484 0.53474 0.534456 0.534173 0.533931 0.533649 0.534736 0.536574 0.536707 0.536423 0.536627 0.536621 0.541743 0.541458 0.541173 0.540983 0.540698 0.540414 
0.54013 0.541109 0.540825 0.540541 0.540257 0.539974 0.540427 0.540542 0.540384 0.540101 0.539818 0.539565 0.539634 0.539352 0.539373 0.539977 0.539696 0.540485 0.540665 0.540383 
0.540351 0.54007 0.53979 0.539509 0.539229 0.538949 0.539613 0.539556 0.539276 0.539608 0.540217 0.539937 0.539658 0.539379 0.539226 0.539021 0.538743 0.538465 0.538187 0.538534 
0.539311 0.539033 0.538756 0.538479 0.538202 0.538407 0.539305 0.539042 0.540891 0.543977 0.54459 0.544421 0.544142 0.543865 0.543587 0.543977 0.5437 0.543906 0.543724 0.545306 
0.545477 0.545199 0.544921 0.545092 0.54482 0.54455 0.545237 0.544968 0.544691 0.544415 0.544139 0.543863 0.543626 0.543351 0.543076 0.54283 0.542555 0.542281 0.542017 0.541743 
0.541504 0.541443 0.541264 0.540995 0.540983 0.540711 0.540539 0.540267 0.539996 0.539732 0.539461 0.539191 0.538961 0.538691 0.538421 0.538166 0.537896 0.537627 0.537358 0.53709 
0.536821 0.536877 0.536654 0.536506 0.536238 0.538652 0.538384 0.538116 0.537848 0.537773 0.537505 0.537331 0.537065 0.536798 0.537226 0.536964 0.540777 0.540869 0.540601 0.543172 
0.543637 0.543542 0.543274 0.543033 0.542803 0.542535 0.542268 0.542376 0.542109 0.541842 0.541653 0.541386 0.54112 0.540854 0.540588 0.540955 0.540689 0.540424 0.541911 0.541788 
0.541523 0.542414 0.542463 0.543985 0.544936 0.54467 0.544404 0.544138 0.544046 0.544103 0.544049 0.543784 0.543572 0.543308 0.543321 0.543227 0.543427 0.543163 0.5429 0.542636 
0.542409 0.542596 0.542333 0.54207 0.541808 0.541546 0.541284 0.541032 0.54077 0.540509 0.540248 0.539988 0.539813 0.539598 0.540641 0.540647 0.540635 0.540762 0.540502 0.540242 
0.542098 0.542479 0.545348 0.545086 0.544825 0.544564 0.544303 0.544719 0.545435 0.546494 0.546233 0.545972 0.545711 0.545451 0.545191 0.545096 0.544836 0.544576 0.544881 0.544655 
0.54559 0.54533 0.545071 0.544812 0.544554 0.5447 0.544629 0.545675 0.545416 0.545158 0.547241 0.547218 0.547622 0.547363 0.547104 0.546846 0.546588 0.54633 0.546072 0.545831 
0.545574 0.545317 0.545065 0.54482 0.544564 0.544734 0.544478 0.54652 0.546263 0.546007 0.545751 0.545495 0.545239 0.544984 0.545537 0.54534 0.545663 0.547716 0.54835 0.548994 
0.548737 0.548481 0.549117 0.54887 0.548614 0.548359 0.548112 0.54788 0.547625 0.547858 0.547603 0.547753 0.547499 0.547253 0.546999 0.551393 0.551138 0.550914 0.55123 0.552047 
0.552481 0.553365 0.555071 0.554886 0.554825 0.554569 0.554313 0.554058 0.553802 0.553547 0.55636 0.556242 0.555987 0.558043 0.557787 0.557538 0.557354 0.557125 0.55687 0.556619 
0.556363 0.556109 0.555854 0.555872 0.555752 0.556203 0.556443 0.556189 0.555935 0.555681 0.556281 0.556294 0.556612 0.556578 0.556325 0.556072 0.555819 0.555798 0.555546 0.555293 
0.555041 0.554789 0.554585 0.555418 0.555168 0.555164 0.555622 0.55537 0.555119 0.555132 0.555242 0.554991 0.555617 0.555612 0.555585 0.556764 0.556513 0.556505 0.556255 0.556004 
0.555754 0.555959 0.556921 0.55667 0.556423 0.556225 0.555976 0.557896 0.557646 0.558021 0.557771 0.557521 0.557272 0.557757 0.557507 0.557258 0.557009 0.55676 0.556559 0.558141 
0.557892 0.557644 0.557408 0.557235 0.557028 0.55678 0.556533 0.55651 0.556732 0.557751 0.558779 0.558531 0.558283 0.558197 0.558323 0.558076 0.557828 0.557582 0.557335 0.557231 
0.556985 0.556739 0.556493 0.556363 0.556118 0.555873 0.555627 0.555715 0.555471 0.555226 0.554982 0.554737 0.554494 0.554452 0.554208 0.553978 0.554311 0.554068 0.556118 0.556842 
0.556606 0.556363 0.556863 0.556619 0.556509 0.556507 0.557022 0.556779 0.556535 0.556293 0.556092 0.560798 0.560748 0.560845 0.5606 0.560554 0.560909 0.560665 0.56205 0.562229 
0.561985 0.561741 0.561497 0.561253 0.561473 0.561229 0.560986 0.560743 0.561225 0.561334 0.561916 0.561899 0.561656 0.561413 0.562325 0.562082 0.56184 0.561598 0.561356 0.563569 
0.563326 0.563084 0.562841 0.562599 0.563132 0.563296 0.563054 0.562812 0.562824 0.562583 0.562342 0.566215 0.565973 0.56579 0.565548 0.565318 0.565076 0.564873 0.565383 0.565141 
0.5649 0.564659 0.564418 0.564178 0.564011 0.563771 0.563688 0.564903 0.564724 0.564631 0.564801 0.565139 0.564899 0.564733 0.564782 0.564542 0.564731 0.564492 0.564253 0.564014 
0.563775 0.564095 0.563857 0.563779 0.56354 0.563302 0.563064 0.562945 0.562713 0.562476 0.5629 0.562947 0.56271 0.562473 0.562275 0.562038 0.561802 0.561802 0.562119 0.561883 
0.56285 0.562614 0.562436 0.562909 0.562673 0.562438 0.562202 0.561967 0.561732 0.561497 0.561262 0.561195 0.560961 0.56092 0.560686 0.560986 0.560971 0.560738 0.560504 0.560302 
0.560305 0.560116 0.559883 0.55965 0.559418 0.559343 0.55911 0.559314 0.559082 0.55886 0.558629 0.558397 0.558166 0.557935 0.557704 0.557473 0.557243 0.557012 0.557089 0.557358 
0.557128 0.556945 0.556715 0.556738 0.556508 0.556279 0.559787 0.559611 0.559381 0.559151 0.55912 0.558931 0.558701 0.558472 0.558545 0.558317 0.558135 0.557907 0.557896 0.557667 
0.557439 0.557211 0.557275 0.55753 0.557302 0.557074 0.556874 0.556776 0.556548 0.556321 0.556094 0.555875 0.555819 0.555592 0.555366 0.55514 0.554914 0.554689 0.554493 0.554268 
0.554042 0.553818 0.553593 0.55342 0.553294 0.553105 0.552881 0.552657 0.555522 0.555932 0.555756 0.555531 0.555459 0.555975 0.55692 0.556695 0.556786 0.556562 0.556877 0.556653 
0.556428 0.556547 0.556761 0.556537 0.557152 0.559933 0.55975 0.559525 0.5593 0.559076 0.558851 0.558627 0.558403 0.55818 0.557956 0.559246 0.560058 0.559834 0.56093 0.560705 
0.560481 0.560257 0.560316 0.560976 0.560753 0.560576 0.561004 0.561852 0.562498 0.562274 0.56205 0.561874 0.56165 0.561427 0.561532 0.561376 0.561153 0.560981 0.560848 0.560626 
0.560551 0.560329 0.56011 0.559888 0.559666 0.559445 0.559372 0.559659 0.559519 0.559339 0.559118 0.558955 0.558882 0.558662 0.558441 0.558221 0.55955 0.559385 0.559208 0.558988 
0.558768 0.558549 0.558464 0.558245 0.558026 0.557806 0.557588 0.557369 0.55715 0.556932 0.556714 0.556495 0.556278 0.556312 0.556427 0.556209 0.555992 0.555775 0.555629 0.555507 
0.555304 0.555709 0.556017 0.556992 0.556775 0.556558 0.556342 0.556125 0.555909 0.555692 0.555476 0.55526 0.555045 0.555376 0.55516 0.554945 0.55473 0.554514 0.554301 0.554086 
0.553958 0.553784 0.55357 0.553427 0.553213 0.552999 0.552786 0.552572 0.552359 0.552235 0.552022 0.551809 0.551643 0.55143 0.551218 0.551006 0.550794 0.550582 0.55037 0.550174 
0.549963 0.549751 0.549871 0.549811 0.5496 0.549389 0.54952 0.549309 0.549098 0.549014 0.548804 0.549529 0.552146 0.55207 0.551859 0.551648 0.551438 0.55146 0.551321 0.551206 
0.550995 0.550858 0.550674 0.550464 0.551262 0.551052 0.550842 0.551261 0.55181 0.5516 0.55139 0.551486 0.551308 0.551099 0.55089 0.550681 0.550472 0.550264 0.550055 0.551925 
0.551717 0.551508 0.551299 0.551091 0.550883 0.550674 0.550473 0.550266 0.550652 0.550444 0.550237 0.550029 0.550114 0.549906 0.549699 0.54981 0.550654 0.551868 0.55166 0.551453 
0.551678 0.551471 0.551264 0.551057 0.551645 0.551438 0.552383 0.552176 0.553119 0.552913 0.552706 0.552499 0.55235 0.552217 0.55201 0.551804 0.552366 0.552173 0.551992 0.551786 
0.551581 0.551375 0.55117 0.550964 0.551504 0.551348 0.551143 0.550938 0.550733 0.551025 0.551356 0.551206 0.55212 0.55238 0.552189 0.552064 0.551865 0.5535 0.553332 0.553127 
0.552922 0.552717 0.552513 0.553012 0.552808 0.552603 0.553353 0.553148 0.552944 0.553776 0.553572 0.55342 0.553216 0.553012 0.552818 0.5536 0.553396 0.553193 0.553521 0.553425 
0.553221 0.553018 0.553415 0.553212 0.553009 0.552876 0.552674 0.552727 0.552525 0.552322 0.55212 0.551918 0.55174 0.551539 0.551337 0.551171 0.551659 0.551976 0.551774 0.551573 
0.552234 0.552033 0.552262 0.552782 0.552581 0.55238 0.552229 0.552028 0.551828 0.551831 0.551631 0.551639 0.551439 0.551238 0.551038 0.550838 0.550639 0.550478 0.550317 0.550118 
0.550091 0.549892 0.549693 0.549494 0.550246 0.550185 0.549987 0.549788 0.549599 0.549401 0.549202 0.549004 0.548806 0.54871 0.548512 0.54866 0.548463 0.549022 0.548825 0.548627 
0.548505 0.548308 0.548369 0.548172 0.547975 0.547858 0.547662 0.547675 0.547478 0.547287 0.547284 0.547088 0.546892 0.547572 0.548125 0.547929 0.547733 0.547538 0.547342 0.547147 
0.546951 0.546756 0.546601 0.546408 0.546218 0.546023 0.547413 0.547218 0.547161 0.547173 0.547078 0.546883 0.546966 0.546772 0.546578 0.546384 0.54619 0.546041 0.545847 0.546535 
0.547 0.546807 0.546694 0.546501 0.546351 0.546272 0.548051 0.547858 0.547664 0.547471 0.547277 0.547091 0.547862 0.547772 0.547579 0.547387 0.547287 0.547099 0.546906 0.546724 
0.546531 0.546339 0.546743 0.546793 0.546601 0.546431 0.548739 0.548546 0.548353 0.548161 0.547969 0.547912 0.54772 0.547758 0.547566 0.547487 0.547355 0.547163 0.546972 0.546826 
0.546634 0.546444 0.546253 0.546275 0.546084 0.546165 0.546337 0.546154 0.546026 0.546221 0.547669 0.547533 0.547343 0.547152 0.547716 0.547526 0.547336 0.547308 0.547118 0.546928 
0.546738 0.546548 0.54649 0.546337 0.546148 0.545959 0.545769 0.545746 0.545567 0.545378 0.545189 0.545203 0.545014 0.544826 0.544976 0.544788 0.544603 0.544502 0.544314 0.544741 
0.544553 0.544483 0.545025 0.544868 0.54468 0.545421 0.545233 0.545211 0.545023 0.54486 0.544673 0.544488 0.544301 0.544114 0.544073 0.543886 0.543702 0.543516 0.54333 0.543167 
0.542981 0.543369 0.543337 0.54351 0.543324 0.543139 0.542953 0.542768 0.542583 0.542397 0.543679 0.543493 0.544052 0.543866 0.543736 0.544063 0.544613 0.544803 0.544618 0.544433 
0.545212 0.545027 0.544842 0.54469 0.544505 0.54432 0.544697 0.544513 0.544613 0.544613 0.544428 0.544402 0.544236 0.544052 0.543979 0.543795 0.544256 0.544072 0.543888 0.543704 
0.543521 0.543337 0.543154 0.54299 0.542809 0.543764 0.543581 0.543564 0.543382 0.543347 0.543165 0.542982 0.542834 0.542652 0.542541 0.542358 0.542178 0.541996 0.541814 0.541632 
0.54145 0.54319 0.543009 0.543603 0.543678 0.543496 0.543826 0.543718 0.543543 0.543361 0.54341 0.543235 0.543053 0.542872 0.542914 0.542733 0.542552 0.542561 0.54238 0.542284 
0.542103 0.541922 0.541766 0.541586 0.541406 0.541226 0.541161 0.540981 0.540801 0.540687 0.540508 0.540328 0.540149 0.540132 0.540392 0.540212 0.540521 0.540622 0.540443 0.540264 
0.540193 0.54004 0.539869 0.539743 0.539565 0.539387 0.539355 0.539177 0.54129 0.54131 0.541669 0.54149 0.541312 0.541179 0.541067 0.540904 0.540767 0.54059 0.54058 0.541243 
0.541065 0.540893 0.540852 0.540675 0.540497 0.54032 0.540143 0.540428 0.540251 0.540074 0.540018 0.539841 0.539665 0.539526 0.539601 0.539424 0.539402 0.539225 0.539049 0.540199 
0.540069 0.540347 0.540177 0.540001 0.539825 0.539649 0.539561 0.539585 0.539441 0.539366 0.539207 0.539031 0.538856 0.539053 0.538994 0.538866 0.538691 0.538516 0.538341 0.538335 
0.538161 0.539627 0.539452 0.539339 0.539252 0.539078 0.539084 0.538909 0.538735 0.538561 0.538387 0.538212 0.538039 0.538257 0.538296 0.538122 0.537948 0.538038 0.537864 0.537691 
0.537555 0.537392 0.537219 0.537046 0.536873 0.536783 0.537145 0.536982 0.537443 0.537271 0.537098 0.536925 0.536753 0.536581 0.536408 0.536236 0.536064 0.535892 0.535721 0.535549 
0.535784 0.535612 0.535443 0.535727 0.535626 0.53549 0.535318 0.535147 0.534976 0.537554 0.537382 0.537856 0.537685 0.537614 0.53745 0.537279 0.537107 0.537171 0.537064 0.536893 
0.536722 0.536624 0.536453 0.536296 0.536126 0.537937 0.537766 0.537595 0.537424 0.537268 0.537097 0.536927 0.536757 0.536587 0.536417 0.536247 0.536077 0.535907 0.535738 0.536115 
0.535946 0.535783 0.536223 0.536528 0.536359 0.537212 0.537049 0.53713 0.536961 0.536792 0.536622 0.536453 0.536284 0.536115 0.535946 0.535778 0.535609 0.535452 0.535528 0.53536 
0.535233 0.535065 0.535263 0.535095 0.53558 0.535845 0.535677 0.535635 0.536052 0.535884 0.535717 0.535549 0.535381 0.535214 0.53505 0.535513 0.535417 0.53525 0.535083 0.535172 
0.535005 0.534838 0.534671 0.534536 0.534397 0.534254 0.534088 0.533922 0.533755 0.534046 0.53434 0.534174 0.534008 0.533853 0.533687 0.533657 0.533708 0.533542 0.533422 0.533257 
0.533091 0.53378 0.533614 0.533449 0.533284 0.533118 0.532953 0.532819 0.533012 0.532847 0.532682 0.532531 0.532366 0.532571 0.533835 0.53367 0.533765 0.533601 0.533436 0.533271 
0.533107 0.532942 0.532778 0.532614 0.53245 0.532286 0.532143 0.531979 0.531869 0.531705 0.534361 0.535979 0.535814 0.535974 0.535809 0.535645 0.53548 0.536162 0.536208 0.536332 
0.536168 0.536003 0.535839 0.535863 0.535763 0.536284 0.53612 0.535956 0.535912 0.535748 0.535584 0.535454 0.53529 0.535127 0.535011 0.535083 0.53492 0.534757 0.534624 0.534889 
0.534726 0.534755 0.535404 0.535241 0.535237 0.535105 0.534943 0.53478 0.534617 0.534455 0.534292 0.534337 0.534175 0.53449 0.534962 0.537945 0.538317 0.538154 0.538006 0.537843 
0.537767 0.537604 0.537447 0.537285 0.537122 0.53696 0.53685 0.536778 0.536616 0.536454 0.536292 0.53613 0.535968 0.535806 0.535649 0.535517 0.535695 0.535533 0.535372 0.535239 
0.535078 0.535149 0.534988 0.53679 0.536628 0.536568 0.536443 0.53636 0.536201 0.53625 0.536432 0.536271 0.53611 0.535999 0.535838 0.535677 0.535534 0.535374 0.535317 0.538597 
0.538628 0.538467 0.538702 0.538541 0.53838 0.538219 0.538058 0.537903 0.537743 0.537582 0.537422 0.537261 0.537163 0.537003 0.537055 0.537045 0.536885 0.536726 0.536566 0.536406 
0.53636 0.536639 0.536479 0.53632 0.536161 0.536043 0.535899 0.535765 0.535606 0.535537 0.535382 0.535235 0.535076 0.534917 0.534759 0.5346 0.534442 0.534284 0.534126 0.533968 
0.53387 0.533713 0.533555 0.533397 0.53324 0.533092 0.532935 0.532778 0.532621 0.532463 0.532307 0.532259 0.532102 0.531945 0.531789 0.531632 0.532115 0.531958 0.531802 0.531645 
0.531504 0.531348 0.531192 0.531036 0.53088 0.530784 0.531193 0.531713 0.531557 0.531706 0.531551 0.531395 0.531246 0.531273 0.532636 0.532518 0.532363 0.532207 0.532051 0.531896 
0.53174 0.532041 0.533624 0.533468 0.533313 0.533165 0.533081 0.532926 0.532771 0.53263 0.532475 0.533976 0.533821 0.533665 0.53351 0.533355 0.533221 0.533065 0.532911 0.533098 
0.532943 0.532788 0.532633 0.532623 0.532468 0.532314 0.532365 0.532211 0.532844 0.532689 0.532535 0.532389 0.532368 0.532242 0.532088 0.532735 0.53267 0.532516 0.532382 0.532229 
0.534659 0.534504 0.53435 0.534622 0.534467 0.534769 0.534615 0.534461 0.534307 0.534153 0.533999 0.533906 0.533765 0.533754 0.534194 0.534315 0.534161 0.534201 0.534048 0.533894 
0.533741 0.535787 0.535677 0.535524 0.53537 0.535216 0.535063 0.53491 0.534944 0.535589 0.535436 0.535282 0.535129 0.535292 0.535462 0.535309 0.53538 0.535841 0.535688 0.535535 
0.535382 0.53523 0.535235 0.535082 0.534929 0.534777 0.534624 0.534641 0.534489 0.534339 0.534641 0.534489 0.534354 0.534263 0.534111 0.53396 0.534185 0.534034 0.533882 0.534011 
0.533859 0.533708 0.534197 0.53436 0.534302 0.534151 0.534049 0.534366 0.534225 0.534212 0.534085 0.533943 0.533792 0.53397 0.534253 0.534102 0.533951 0.5338 0.533668 0.533518 
0.533723 0.535169 0.535018 0.534959 0.534909 0.534759 0.534802 0.534651 0.5345 0.534432 0.534281 0.534131 0.53398 0.534208 0.534058 0.533992 0.533842 0.533712 0.533563 0.533413 
0.533263 0.53325 0.533101 0.532967 0.533049 0.532899 0.533793 0.533644 0.533711 0.533562 0.533413 0.5349 0.53475 0.534601 0.534451 0.534302 0.534153 0.537073 0.536923 0.536773 
0.536646 0.536497 0.536347 0.536197 0.536048 0.535898 0.535749 0.535783 0.535634 0.535484 0.535335 0.535186 0.535099 0.535689 0.53554 0.535391 0.535242 0.535223 0.537291 0.537142 
0.536993 0.536844 0.536695 0.537143 0.537073 0.536939 0.53679 0.536642 0.53662 0.536471 0.536323 0.536421 0.536273 0.536786 0.536637 0.536492 0.537947 0.53783 0.538002 0.537854 
0.537719 0.53757 0.537422 0.537622 0.537474 0.537326 0.537178 0.53703 0.536882 0.537011 0.537555 0.537407 0.537259 0.537111 0.537567 0.537419 0.537271 0.537133 0.536992 0.537678 
0.53753 0.53743 0.537283 0.537135 0.5376 0.537453 0.537305 0.537158 0.537428 0.537281 0.537302 0.537155 0.537008 0.536871 0.536724 0.536577 0.53643 0.536317 0.53617 0.536388 
0.536352 0.536872 0.536725 0.536579 0.536433 0.536286 0.53614 0.535994 0.535848 0.535702 0.535556 0.535533 0.535867 0.536202 0.536056 0.53591 0.535765 0.535619 0.535474 0.535362 
0.535394 0.535249 0.535103 0.535029 0.534883 0.536591 0.53646 0.536315 0.536548 0.536402 0.536257 0.536112 0.535967 0.535822 0.535677 0.535532 0.535387 0.535242 0.535098 0.536109 
0.535964 0.535819 0.535833 0.535762 0.537505 0.53736 0.539845 0.539965 0.539863 0.539718 0.539573 0.539427 0.539334 0.540269 0.540817 0.541221 0.541075 0.54158 0.541441 0.541296 
0.541203 0.541105 0.541426 0.541474 0.541328 0.541183 0.542478 0.542333 0.542188 0.542042 0.542125 0.54198 0.541835 0.541764 0.541619 0.54149 0.542078 0.541933 0.542387 0.542387 
0.542729 0.542584 0.542439 0.542449 0.542304 0.542554 0.542977 0.542926 0.542807 0.542887 0.542915 0.542954 0.542837 0.543149 0.543415 0.54327 0.543125 0.542995 0.542851 0.542721 
0.54262 0.542476 0.542332 0.542634 0.542584 0.542728 0.542584 0.54244 0.542351 0.542207 0.542605 0.542461 0.542318 0.542174 0.542736 0.542891 0.543565 0.543422 0.543636 0.543917 
0.543774 0.54363 0.543486 0.543343 0.543199 0.544729 0.544586 0.54502 0.544876 0.544732 0.544589 0.544445 0.545344 0.545201 0.545124 0.54498 0.544837 0.544742 0.544627 0.544484 
0.544341 0.544198 0.544254 0.544151 0.544608 0.544465 0.544322 0.544405 0.544316 0.544173 0.54403 0.543888 0.543928 0.543785 0.543707 0.543564 0.543422 0.54329 0.543148 0.543006 
0.542864 0.542722 0.542624 0.543369 0.543291 0.543184 0.543042 0.542994 0.542868 0.542727 0.542599 0.542457 0.542316 0.542174 0.542033 0.542011 0.54187 0.541815 0.541674 0.541533 
0.541569 0.541644 0.541592 0.541451 0.54131 0.541988 0.541854 0.541713 0.541572 0.541715 0.541574 0.541434 0.541293 0.541153 0.541364 0.541228 0.541088 0.540947 0.540807 0.540735 
0.540614 0.540474 0.541129 0.540998 0.540882 0.540742 0.540603 0.541041 0.540904 0.540764 0.540624 0.540485 0.540457 0.540347 0.540294 0.540155 0.540062 0.539959 0.53982 0.539681 
0.539542 0.539409 0.53927 0.539131 0.538992 0.538854 0.538777 0.538639 0.5385 0.538451 0.538467 0.539602 0.539463 0.539324 0.539186 0.539048 0.538925 0.538786 0.538793 0.538655 
0.538666 0.538528 0.53839 0.538705 0.540733 0.540677 0.540624 0.540486 0.54089 0.540779 0.54065 0.540512 0.540374 0.540958 0.54082 0.540821 0.540683 0.5437 0.543773 0.543634 
0.543495 0.543365 0.543226 0.543088 0.543329 0.544286 0.544148 0.544042 0.543904 0.543765 0.544224 0.547122 0.547003 0.546905 0.546766 0.546627 0.547326 0.547517 0.547397 0.547258 
0.547119 0.54698 0.546842 0.546901 0.546762 0.546642 0.546504 0.546365 0.548331 0.548192 0.548054 0.547915 0.547878 0.547773 0.547685 0.547546 0.547408 0.54727 0.547131 0.547034 
0.546995 0.546857 0.546721 0.546919 0.546781 0.546643 0.546505 0.546865 0.546927 0.546789 0.546651 0.546514 0.546462 0.546941 0.547888 0.547751 0.54969 0.549552 0.549414 0.549276 
0.549138 0.549005 0.548867 0.54873 0.548592 0.548816 0.548679 0.548541 0.548404 0.548266 0.548152 0.548014 0.548114 0.548028 0.547949 0.548283 0.548146 0.548062 0.547925 0.547788 
0.547869 0.547732 0.547595 0.548223 0.548771 0.548696 0.548559 0.548731 0.548594 0.548457 0.548321 0.548184 0.548048 0.548171 0.548042 0.547905 0.547905 0.547769 0.547633 0.547497 
0.54736 0.547366 0.547238 0.547113 0.546977 0.547782 0.547646 0.54751 0.547374 0.547836 0.547701 0.547565 0.548099 0.548194 0.548075 0.54794 0.547859 0.547723 0.549018 0.548883 
0.548747 0.548611 0.54849 0.548431 0.548295 0.54816 0.548025 0.547889 0.547767 0.547632 0.548443 0.548307 0.548172 0.548037 0.547902 0.547767 0.547632 0.547497 0.547362 0.547244 
0.547265 0.54713 0.547153 0.547019 0.5469 0.546765 0.548054 0.547919 0.548178 0.548081 0.547946 0.547812 0.547677 0.547543 0.547409 0.547274 0.547467 0.547402 0.547296 0.547172 
0.547038 0.548207 0.548072 0.547938 0.547804 0.548589 0.548455 0.54832 0.548288 0.5482 0.548066 0.54802 0.547938 0.54816 0.548243 0.548147 0.548021 0.547888 0.547754 0.547815 
0.547943 0.547809 0.54772 0.547587 0.547453 0.54732 0.547187 0.547054 0.546921 0.546884 0.547582 0.547479 0.547921 0.547788 0.547714 0.547705 0.547993 0.54786 0.547727 0.547601 
0.547468 0.547335 0.547322 0.547222 0.547089 0.547021 0.546888 0.546756 0.546624 0.546994 0.547223 0.547797 0.547665 0.547532 0.5474 0.547268 0.547136 0.547003 0.547092 0.547029 
0.547192 0.54706 0.547043 0.546911 0.54689 0.548207 0.548086 0.547954 0.547822 0.547704 0.548356 0.548224 0.548092 0.549696 0.549616 0.549817 0.549685 0.549553 0.549421 0.549289 
0.549157 0.549025 0.548893 0.548761 0.548656 0.548524 0.548454 0.548322 0.548191 0.548059 0.548056 0.548557 0.548426 0.548294 0.548163 0.548032 0.5479 0.547769 0.547639 0.547508 
0.547377 0.547247 0.547116 0.547224 0.547416 0.547415 0.547333 0.548069 0.548045 0.547914 0.547784 0.547653 0.547522 0.548412 0.548398 0.548268 0.548137 0.548007 0.547898 0.549423 
0.549317 0.549924 0.549793 0.549663 0.549532 0.549587 0.549457 0.549648 0.549517 0.549387 0.549256 0.549126 0.548995 0.54891 0.548779 0.549012 0.54904 0.54891 0.54878 0.54865 
0.54852 0.548397 0.548289 0.548159 0.548029 0.547899 0.54777 0.54764 0.547511 0.547381 0.547252 0.547123 0.546994 0.546864 0.546819 0.54669 0.546561 0.549221 0.549092 0.549213 
0.549083 0.548954 0.54885 0.548721 0.548591 0.548462 0.548333 0.548204 0.548127 0.548034 0.547906 0.547777 0.547648 0.548244 0.548115 0.547986 0.548075 0.548 0.547943 0.547814 
0.547686 0.547557 0.547533 0.547415 0.547287 0.547688 0.547586 0.547667 0.547539 0.54741 0.547697 0.547575 0.547446 0.547318 0.54719 0.547266 0.547758 0.54763 0.547502 0.547532 
0.547404 0.547276 0.547148 0.547247 0.547669 0.547541 0.547416 0.547288 0.547189 0.54737 0.547302 0.547174 0.54708 0.546953 0.547055 0.546928 0.546801 0.546742 0.546615 0.546682 
0.546568 0.546441 0.546314 0.546187 0.54658 0.546453 0.546326 0.5462 0.546073 0.545946 0.54601 0.545884 0.545757 0.545631 0.545504 0.546035 0.545909 0.545841 0.545715 0.545738 
0.545612 0.546014 0.545887 0.545821 0.545695 0.545568 0.545447 0.54558 0.545466 0.545385 0.545763 0.545689 0.546416 0.54629 0.546699 0.546573 0.546521 0.546452 0.546326 0.5462 
0.546075 0.545949 0.545823 0.545967 0.545852 0.545772 0.545646 0.545521 0.546402 0.546276 0.54636 0.546335 0.546209 0.546091 0.545966 0.545841 0.545716 0.546115 0.546023 0.545899 
0.545773 0.545648 0.545639 0.545514 0.545389 0.545264 0.545139 0.545014 0.545873 0.545748 0.545984 0.545859 0.545734 0.545609 0.545562 0.545439 0.545315 0.545204 0.545277 0.545152 
0.54615 0.546925 0.5468 0.546676 0.546551 0.546468 0.546343 0.547368 0.547243 0.547118 0.546994 0.546869 0.546745 0.54673 0.546606 0.54684 0.546716 0.547099 0.547 0.546876 
0.546751 0.546627 0.546503 0.546379 0.546316 0.54665 0.546526 0.546402 0.546278 0.546773 0.546649 0.546525 0.546402 0.546326 0.546234 0.54611 0.546001 0.545877 0.545754 0.54563 
0.545507 0.545502 0.545401 0.545278 0.545155 0.545169 0.545062 0.544939 0.544816 0.544776 0.54505 0.544927 0.544804 0.544876 0.544753 0.54463 0.544508 0.544534 0.544411 0.544288 
0.544166 0.544689 0.544661 0.54486 0.54652 0.546397 0.546275 0.546152 0.54609 0.546306 0.546188 0.546067 0.545944 0.545822 0.546124 0.546011 0.545889 0.545766 0.546047 0.545925 
0.545843 0.545721 0.545599 0.545761 0.545639 0.548559 0.548436 0.548427 0.548376 0.548446 0.548324 0.548201 0.549185 0.549417 0.549515 0.549393 0.54927 0.549148 0.549025 0.549309 
0.550122 0.549999 0.550274 0.550219 0.550096 0.549974 0.549906 0.549783 0.549665 0.549543 0.549422 0.5493 0.549196 0.549074 0.548952 0.54883 0.548708 0.548586 0.548477 0.54903 
0.548909 0.548917 0.548795 0.548687 0.548565 0.548443 0.548663 0.548541 0.548419 0.548298 0.548176 0.548192 0.548112 0.54836 0.548239 0.548117 0.547997 0.547876 0.547773 0.547652 
0.547531 0.54741 0.547294 0.547309 0.54902 0.549362 0.549241 0.549136 0.549015 0.548894 0.548772 0.548651 0.54853 0.549041 0.54892 0.548799 0.548678 0.548557 0.548439 0.54833 
0.548209 0.548091 0.547971 0.549162 0.549041 0.548932 0.548812 0.54893 0.548809 0.548689 0.548568 0.548448 0.548817 0.549212 0.549091 0.549045 0.548925 0.548805 0.548684 0.548566 
0.548774 0.548698 0.548966 0.548846 0.54873 0.54861 0.54849 0.54837 0.54825 0.548253 0.548133 0.548125 0.548005 0.547886 0.547766 0.547647 0.547527 0.548083 0.547965 0.547845 
0.548122 0.548046 0.547947 0.547827 0.547708 0.547648 0.547646 0.547681 0.547562 0.547467 0.547348 0.548544 0.548429 0.548311 0.548192 0.548073 0.547953 0.547834 0.548336 0.548239 
0.548211 0.548092 0.547973 0.547854 0.547735 0.547618 0.548349 0.548866 0.548747 0.548634 0.548515 0.548396 0.548694 0.548575 0.548456 0.548357 0.548238 0.54812 0.548001 0.547882 
0.547764 0.547892 0.547773 0.547671 0.547553 0.547434 0.547351 0.547257 0.547138 0.54791 0.547792 0.547673 0.547555 0.547658 0.547539 0.547421 0.547303 0.547185 0.547334 0.547216 
0.547282 0.547164 0.547273 0.547155 0.547256 0.547363 0.547391 0.547273 0.547155 0.547071 0.546953 0.546836 0.546718 0.546601 0.546484 0.546366 0.546264 0.546203 0.546092 0.545975 
0.545935 0.545836 0.545719 0.5457 0.545583 0.545466 0.545349 0.545232 0.545174 0.545058 0.545632 0.545515 0.545752 0.545635 0.545519 0.54548 0.545363 0.545247 0.545244 0.545884 
0.545845 0.545729 0.545612 0.545805 0.545702 0.545585 0.545469 0.545551 0.545435 0.545785 0.545668 0.545552 0.545436 0.54532 0.545203 0.545887 0.54577 0.545654 0.545538 0.545428 
0.545312 0.545196 0.545114 0.545526 0.545423 0.545777 0.545857 0.546491 0.546375 0.54627 0.546154 0.546415 0.546299 0.547216 0.5471 0.547062 0.546953 0.546914 0.546798 0.546705 
0.546589 0.546673 0.546558 0.546589 0.546573 0.546522 0.546407 0.546291 0.546176 0.54606 0.545945 0.54583 0.545714 0.545599 0.545484 0.54586 0.545745 0.54563 0.545514 0.545501 
0.545386 0.54553 0.545513 0.5454 0.545286 0.545171 0.545056 0.544941 0.54494 0.544826 0.544711 0.544603 0.544489 0.544376 0.544327 0.544212 0.544219 0.544105 0.54399 0.543876 
0.544018 0.543903 0.543789 0.543675 0.543561 0.543447 0.543436 0.543781 0.543763 0.543649 0.543535 0.543461 0.543347 0.543234 0.54312 0.543031 0.542917 0.542919 0.542819 0.542705 
0.542592 0.542478 0.542365 0.542251 0.542138 0.542136 0.542022 0.541963 0.541916 0.541802 0.541689 0.541576 0.541465 0.541352 0.541524 0.541663 0.541583 0.54147 0.541357 0.541244 
0.541132 0.541036 0.542937 0.542824 0.543158 0.543045 0.542932 0.542819 0.542706 0.542784 0.542671 0.542559 0.542446 0.542333 0.542221 0.542125 0.542318 0.542268 0.542156 0.542051 
0.541939 0.541827 0.541714 0.541602 0.541526 0.541414 0.54132 0.541208 0.541096 0.540984 0.540875 0.540763 0.540651 0.540539 0.540428 0.54033 0.540868 0.540765 0.541026 0.540914 
0.540802 0.540691 0.540579 0.540467 0.540356 0.540244 0.540315 0.540487 0.540501 0.541339 0.541228 0.541116 0.541005 0.541026 0.540914 0.540979 0.541431 0.541456 0.541345 0.54127 
0.541158 0.541047 0.541106 0.540995 0.541084 0.540973 0.540862 0.540751 0.54064 0.540668 0.540557 0.540446 0.540377 0.540278 0.540608 0.541326 0.541215 0.541104 0.54129 0.541179 
0.541068 0.540957 0.540857 0.540915 0.540805 0.540834 0.540772 0.540663 0.540553 0.540442 0.542063 0.541952 0.541841 0.54173 0.541621 0.54151 0.541808 0.541723 0.541612 0.541502 
0.541391 0.541281 0.541187 0.541076 0.541001 0.541133 0.541023 0.540913 0.541385 0.541635 0.54177 0.541697 0.542295 0.542245 0.542242 0.542256 0.542146 0.542039 0.541952 0.542466 
0.542412 0.542664 0.542554 0.542443 0.542333 0.542224 0.542513 0.542691 0.543307 0.54411 0.544045 0.54394 0.543861 0.543751 0.544167 0.544057 0.543947 0.543837 0.543742 0.543637 
0.543527 0.544509 0.544399 0.544846 0.544736 0.544626 0.544946 0.544844 0.54499 0.54494 0.544943 0.544833 0.544829 0.54472 0.544802 0.545226 0.545264 0.545154 0.545044 0.544934 
0.544824 0.545759 0.545649 0.545539 0.545429 0.545319 0.545213 0.545103 0.544994 0.544884 0.544774 0.545098 0.544988 0.544878 0.544794 0.544685 0.544978 0.544934 0.544824 0.544715 
0.544626 0.544516 0.544736 0.544627 0.544518 0.54442 0.544477 0.544615 0.544627 0.544518 0.544581 0.544492 0.545491 0.545382 0.545273 0.545164 0.545055 0.544977 0.544868 0.544971 
0.544947 0.544838 0.545005 0.5449 0.544804 0.544723 0.544626 0.544667 0.544559 0.54445 0.544341 0.544233 0.544335 0.544227 0.544162 0.544053 0.543948 0.54384 0.543732 0.543623 
0.544313 0.544204 0.54411 0.544002 0.543894 0.543786 0.543678 0.54357 0.543461 0.543353 0.543256 0.543148 0.543057 0.542949 0.542888 0.54278 0.542672 0.542565 0.54277 0.542662 
0.543359 0.543251 0.543144 0.543103 0.543002 0.542896 0.543198 0.54309 0.543036 0.542929 0.542825 0.542885 0.542806 0.542698 0.542591 0.542484 0.542376 0.542269 0.542678 0.542908 
0.542801 0.542783 0.542916 0.543103 0.543177 0.54307 0.542963 0.542856 0.5438 0.543861 0.543766 0.543658 0.543667 0.543559 0.543452 0.544474 0.544367 0.544508 0.544401 0.544293 
0.544186 0.544079 0.543972 0.544015 0.544119 0.544276 0.54422 0.545263 0.545857 0.545752 0.545716 0.545609 0.545502 0.545714 0.546141 0.546036 0.54636 0.546552 0.546444 0.546337 
0.54623 0.546123 0.546016 0.545909 0.547089 0.546982 0.546937 0.546862 0.546755 0.546648 0.546573 0.546467 0.54636 0.546254 0.546147 0.546392 0.546285 0.546178 0.547651 0.547904 
0.547941 0.5492 0.549234 0.549127 0.549206 0.549099 0.548992 0.548885 0.54878 0.549078 0.549099 0.549114 0.549007 0.5489 0.548793 0.548698 0.548591 0.548662 0.548555 0.548518 
0.548601 0.548587 0.54848 0.548672 0.548647 0.548556 0.548449 0.548343 0.548265 0.548336 0.548983 0.548877 0.54877 0.548664 0.548557 0.548451 0.548344 0.548238 0.548373 0.548266 
0.54816 0.548054 0.548155 0.548049 0.547945 0.547912 0.547831 0.547725 0.547619 0.547513 0.547562 0.548262 0.548358 0.548252 0.548146 0.548041 0.547935 0.547838 0.547733 0.547627 
0.547521 0.547416 0.547436 0.54733 0.547225 0.547346 0.54724 0.547213 0.547108 0.54722 0.547114 0.547014 0.547035 0.547149 0.547044 0.546939 0.546875 0.546889 0.546783 0.546678 
0.546573 0.546496 0.546705 0.5466 0.546495 0.546628 0.546523 0.546418 0.548306 0.548454 0.548349 0.548244 0.548138 0.548033 0.547928 0.54792 0.547949 0.547844 0.547904 0.548997 
0.548892 0.548792 0.548687 0.548582 0.548477 0.548373 0.548268 0.548163 0.548515 0.54846 0.548764 0.548659 0.548686 0.549267 0.549162 0.549058 0.549027 0.548922 0.548817 0.548915 
0.54881 0.549249 0.549318 0.549213 0.549501 0.549396 0.549347 0.549249 0.549159 0.549054 0.54895 0.548845 0.548741 0.548636 0.548532 0.548732 0.54914 0.549064 0.549014 0.54891 
0.549309 0.549335 0.549231 0.549126 0.549125 0.549766 0.549935 0.54983 0.549726 0.549622 0.549517 0.549413 0.549309 0.549205 0.549102 0.548998 0.548894 0.54879 0.548844 0.54874 
0.548636 0.549117 0.549013 0.548909 0.548805 0.548701 0.548635 0.548773 0.548669 0.548573 0.548469 0.548366 0.549247 0.550159 0.550055 0.549954 0.54985 0.549747 0.549674 0.549662 
0.549558 0.549494 0.549724 0.549621 0.549517 0.549413 0.54949 0.549387 0.549291 0.550166 0.550062 0.549959 0.549855 0.549752 0.550218 0.550114 0.55003 0.549984 0.54988 0.549777 
0.549674 0.549672 0.549569 0.549466 0.549549 0.549446 0.549343 0.54924 0.549267 0.549164 0.549061 0.548958 0.548855 0.549792 0.549689 0.549883 0.550117 0.550599 0.550502 0.550754 
0.550651 0.551168 0.551082 0.550979 0.550876 0.550773 0.55067 0.550989 0.550955 0.550936 0.550848 0.550767 0.550664 0.550561 0.550474 0.550371 0.550268 0.550166 0.550063 0.550189 
0.550087 0.549984 0.54991 0.549807 0.549705 0.549718 0.549616 0.549513 0.549928 0.549826 0.549723 0.549736 0.549634 0.549532 0.549485 0.549458 0.549371 0.549269 0.549366 0.549264 
0.549162 0.54906 0.548958 0.548856 0.549038 0.549038 0.549087 0.549279 0.549425 0.549323 0.549267 0.549165 0.549064 0.548962 0.548872 0.548771 0.548674 0.548572 0.548476 0.548386 
0.548284 0.548183 0.548081 0.54798 0.547922 0.547821 0.547957 0.547992 0.547891 0.547793 0.547694 0.547593 0.547491 0.54739 0.548163 0.548061 0.54796 0.547859 0.547928 0.54833 
0.548266 0.548165 0.548064 0.548016 0.547916 0.547815 0.547736 0.547635 0.547967 0.547866 0.54815 0.548049 0.547958 0.548633 0.548532 0.548432 0.548331 0.54823 0.548655 0.548674 
0.548573 0.548472 0.548372 0.548513 0.54899 0.548889 0.548789 0.548752 0.549024 0.549117 0.549327 0.549227 0.549471 0.54937 0.54927 0.549169 0.549068 0.548968 0.548993 0.548892 
0.548798 0.548826 0.548726 0.548625 0.548525 0.548435 0.54834 0.548239 0.548139 0.548039 0.547943 0.547843 0.547742 0.547642 0.548195 0.548717 0.548771 0.548761 0.548661 0.548605 
0.548517 0.548454 0.54849 0.548578 0.548478 0.54841 0.548343 0.548244 0.548144 0.548052 0.548226 0.548391 0.548306 0.548206 0.548106 0.548026 0.547927 0.547827 0.547727 0.547628 
0.547553 0.547453 0.547354 0.547255 0.547155 0.547056 0.547309 0.547235 0.547136 0.547037 0.547135 0.547036 0.546936 0.547009 0.54691 0.546811 0.546712 0.547105 0.547006 0.547001 
0.546902 0.546803 0.546704 0.546614 0.546985 0.546886 0.546787 0.546893 0.546858 0.546816 0.546717 0.546655 0.546556 0.546458 0.546395 0.546401 0.546302 0.546204 0.546105 0.546007 
0.545908 0.54581 0.545711 0.545613 0.545514 0.545416 0.545368 0.545269 0.545171 0.545073 0.545066 0.544968 0.544942 0.544844 0.544753 0.544658 0.544561 0.544463 0.544578 0.544613 
0.544515 0.544417 0.544319 0.544221 0.544123 0.544026 0.543928 0.543831 0.543733 0.543638 0.54354 0.543484 0.543399 0.543302 0.543205 0.543107 0.54301 0.542945 0.542848 0.542753 
0.543696 0.543599 0.543501 0.543404 0.543307 0.54321 0.543378 0.543296 0.543199 0.543104 0.543018 0.543008 0.542911 0.544044 0.544194 0.544231 0.544134 0.544043 0.543946 0.543849 
0.54376 0.544346 0.544249 0.544152 0.544055 0.544028 0.544117 0.544046 0.543949 0.544155 0.544084 0.543987 0.54389 0.543793 0.543697 0.5436 0.543503 0.543406 0.544332 0.544483 
0.544386 0.544289 0.544192 0.544096 0.543999 0.544229 0.544132 0.545169 0.545072 0.544995 0.544902 0.544814 0.544859 0.54507 0.544973 0.544876 0.544779 0.544683 0.544964 0.544868 
0.54481 0.544713 0.544689 0.544593 0.544496 0.544964 0.544867 0.544771 0.545562 0.545466 0.545401 0.545305 0.545208 0.545112 0.545042 0.544945 0.544849 0.544753 0.544657 0.54456 
0.544472 0.544612 0.544516 0.54442 0.544324 0.544268 0.544172 0.544076 0.544094 0.543998 0.543906 0.54381 0.543714 0.543618 0.543524 0.543429 0.543333 0.543315 0.543219 0.54314 
0.543079 0.542984 0.54302 0.542924 0.542861 0.542766 0.543201 0.543242 0.543279 0.543183 0.543088 0.542993 0.542953 0.542857 0.543981 0.543904 0.543808 0.543713 0.543617 0.543552 
0.543457 0.543911 0.543816 0.54372 0.543629 0.543534 0.543445 0.54335 0.543254 0.543168 0.543073 0.543024 0.543243 0.543212 0.543146 0.543061 0.54297 0.542875 0.54278 0.542685 
0.54259 0.542496 0.542401 0.542306 0.542211 0.542174 0.542363 0.542269 0.542174 0.542079 0.541985 0.54191 0.541815 0.541721 0.541626 0.541532 0.541438 0.541344 0.54125 0.541233 
0.542666 0.542571 0.542477 0.542542 0.542853 0.542868 0.542773 0.542829 0.542735 0.542645 0.542619 0.542525 0.542431 0.542336 0.543238 0.543495 0.5434 0.543911 0.544295 0.544226 
0.544131 0.544157 0.544063 0.543968 0.543874 0.544032 0.543941 0.544132 0.544038 0.543944 0.543865 0.543778 0.543684 0.543679 0.543592 0.543524 0.54343 0.543336 0.543256 0.543171 
0.543077 0.543109 0.543115 0.543132 0.543038 0.542944 0.543634 0.54354 0.543447 0.543699 0.543606 0.543928 0.543834 0.54374 0.543647 0.543553 0.543669 0.543575 0.543481 0.543387 
0.543294 0.543209 0.54322 0.543512 0.543419 0.543325 0.543312 0.544199 0.544105 0.544171 0.544109 0.544093 0.543999 0.543906 0.543826 0.543733 0.543658 0.543564 0.54383 0.543737 
0.543643 0.54355 0.543457 0.543657 0.543581 0.543487 0.543394 0.543533 0.54344 0.543397 0.543304 0.543267 0.543174 0.543081 0.542988 0.542896 0.543133 0.543076 0.543059 0.542966 
0.542923 0.54283 0.542737 0.542644 0.542595 0.542502 0.542409 0.542317 0.542224 0.542828 0.54275 0.542657 0.542565 0.542844 0.543198 0.54412 0.544098 0.544014 0.543922 0.543829 
0.543736 0.543725 0.543639 0.543546 0.543454 0.543361 0.543359 0.543284 0.543192 0.543099 0.543007 0.543075 0.542983 0.54289 0.542798 0.542714 0.542622 0.54254 0.542447 0.544231 
0.544139 0.544046 0.543954 0.54417 0.544086 0.543998 0.543905 0.544265 0.544753 0.544936 0.545042 0.54495 0.544857 0.544765 0.544804 0.544712 0.544749 0.544657 0.544565 0.544472 
0.54438 0.544288 0.544219 0.544165 0.544767 0.544675 0.544582 0.545299 0.545565 0.545473 0.545387 0.54542 0.545328 0.545493 0.545401 0.545308 0.545216 0.546003 0.54591 0.54628 
0.546758 0.546666 0.546574 0.546481 0.546418 0.546345 0.546253 0.546202 0.546189 0.546097 0.547293 0.547834 0.547742 0.54765 0.547868 0.547775 0.547683 0.547591 0.547499 0.5478 
0.54792 0.547828 0.548115 0.548601 0.548508 0.548416 0.548378 0.548319 0.548227 0.54817 0.548078 0.548001 0.547987 0.547895 0.54785 0.547758 0.547679 0.547587 0.547623 0.547531 
0.547439 0.54768 0.547814 0.547883 0.547856 0.547793 0.547701 0.547609 0.547696 0.547604 0.547513 0.547822 0.547737 0.547645 0.547553 0.548049 0.547957 0.548451 0.548359 0.548868 
0.548777 0.548736 0.548673 0.548605 0.548922 0.549299 0.549207 0.549204 0.549113 0.549021 0.548929 0.548982 0.549504 0.549438 0.54939 0.549299 0.549207 0.549156 0.549065 0.548974 
0.548883 0.548791 0.5487 0.548608 0.548856 0.548764 0.548674 0.548603 0.548514 0.548422 0.548369 0.548277 0.548186 0.548095 0.548004 0.548213 0.548122 0.54803 0.547939 0.547848 
0.547943 0.547852 0.547788 0.547775 0.547684 0.547613 0.547941 0.54785 0.548371 0.54828 0.54821 0.548556 0.548465 0.548931 0.54884 0.548825 0.549488 0.549415 0.549324 0.549233 
0.549202 0.549111 0.54902 0.54893 0.549135 0.549234 0.549143 0.549065 0.54898 0.548895 0.548807 0.548717 0.548626 0.548536 0.548445 0.548354 0.548264 0.548173 0.548083 0.547993 
0.547902 0.547821 0.54773 0.54764 0.54755 0.54783 0.547739 0.547649 0.547559 0.547563 0.547473 0.54771 0.549224 0.549134 0.549044 0.548957 0.548894 0.548804 0.548714 0.548623 
0.548533 0.548465 0.548496 0.548406 0.548316 0.548226 0.548136 0.548171 0.54811 0.549321 0.549231 0.549141 0.549203 0.549114 0.549024 0.548933 0.548845 0.548804 0.55031 0.551263 
0.551268 0.551178 0.551115 0.551047 0.550957 0.550867 0.550776 0.550886 0.550796 0.550754 0.550664 0.550574 0.550484 0.550394 0.550304 0.550214 0.550403 0.550501 0.550467 0.550425 
0.550335 0.550354 0.550264 0.550797 0.550752 0.550662 0.550874 0.550799 0.55071 0.55062 0.550531 0.550494 0.550615 0.551084 0.551017 0.550927 0.55085 0.550761 0.550671 0.550799 
0.550997 0.551315 0.551284 0.551194 0.551105 0.551015 0.550984 0.551071 0.550982 0.551082 0.550992 0.550978 0.550888 0.550799 0.550784 0.551331 0.551242 0.551152 0.551063 0.550973 
0.551011 0.55124 0.551151 0.551163 0.551504 0.551438 0.551349 0.551437 0.551443 0.551354 0.551265 0.551176 0.551087 0.551587 0.551498 0.551468 0.551454 0.551365 0.551276 0.551309 
0.55122 0.551154 0.551064 0.550992 0.550933 0.550885 0.550796 0.55073 0.550641 0.550843 0.550754 0.550672 0.550589 0.550955 0.550999 0.55091 0.550877 0.550788 0.550708 0.55062 
0.550531 0.550442 0.550353 0.550265 0.55026 0.550173 0.550093 0.550005 0.54996 0.550021 0.55027 0.550182 0.550393 0.550304 0.550281 0.550193 0.550104 0.550057 0.549968 0.550239 
0.550513 0.550424 0.550646 0.550558 0.550469 0.550565 0.550476 0.550392 0.550355 0.550267 0.550252 0.550384 0.550296 0.550207 0.55013 0.550042 0.549954 0.549865 0.549777 0.549807 
0.549908 0.54982 0.549732 0.549644 0.549556 0.549565 0.549477 0.549389 0.549367 0.549384 0.549296 0.549208 0.549693 0.549707 0.54962 0.549532 0.549444 0.549404 0.549437 0.549349 
0.549261 0.549173 0.54911 0.549096 0.549009 0.548998 0.548917 0.548884 0.548796 0.549452 0.549364 0.549277 0.549189 0.550277 0.550281 0.550193 0.5511 0.551259 0.551171 0.551089 
0.551001 0.551303 0.551215 0.551127 0.551205 0.55202 0.552334 0.552833 0.552745 0.55266 0.552572 0.552698 0.55261 0.553652 0.553564 0.553788 0.5537 0.553612 0.553524 0.553436 
0.553348 0.553261 0.553174 0.553087 0.552999 0.552926 0.552838 0.55275 0.552663 0.552658 0.552715 0.552627 0.55254 0.552452 0.552387 0.552335 0.552248 0.552227 0.552139 0.552055 
0.551968 0.551883 0.551824 0.551743 0.551656 0.551569 0.551482 0.551518 0.551459 0.551457 0.551663 0.551576 0.551489 0.551425 0.55162 0.551533 0.551599 0.551512 0.551425 0.551338 
0.551628 0.551541 0.551469 0.551382 0.551295 0.551208 0.551122 0.551132 0.551045 0.550958 0.550872 0.550785 0.550698 0.550626 0.550539 0.550453 0.550573 0.550579 0.550493 0.550406 
0.550654 0.550678 0.550936 0.550855 0.550801 0.550715 0.550628 0.550546 0.550459 0.550373 0.55046 0.550463 0.550376 0.55029 0.550204 0.550117 0.550031 0.5502 0.550143 0.550057 
0.550199 0.550112 0.550232 0.550146 0.550101 0.550056 0.54997 0.549884 0.549837 0.549751 0.549665 0.549579 0.549661 0.549575 0.549489 0.549403 0.549317 0.549231 0.549145 0.549065 
0.548979 0.548954 0.549042 0.548956 0.548871 0.548992 0.548907 0.548821 0.548739 0.548653 0.548567 0.548599 0.548546 0.548495 0.548698 0.548986 0.549073 0.548987 0.548902 0.548842 
0.548757 0.548671 0.548586 0.548501 0.548415 0.54833 0.548276 0.548291 0.548206 0.548276 0.548191 0.548267 0.548247 0.548162 0.548335 0.548416 0.54833 0.548245 0.54816 0.548075 
0.548049 0.547964 0.547878 0.548142 0.548057 0.549422 0.549349 0.549752 0.549666 0.54965 0.549565 0.549651 0.549684 0.549619 0.549533 0.54947 0.549502 0.549417 0.549397 0.549556 
0.54952 0.550366 0.550281 0.550196 0.550114 0.550194 0.550108 0.550023 0.550083 0.550037 0.549952 0.549867 0.549782 0.549697 0.549614 0.549558 0.549473 0.54957 0.549485 0.5494 
0.549315 0.549257 0.550157 0.550072 0.549987 0.549902 0.54989 0.54983 0.549787 0.549702 0.549617 0.549533 0.549448 0.549363 0.549279 0.549194 0.54911 0.549025 0.548941 0.548868 
0.548783 0.548699 0.548939 0.548855 0.548771 0.548856 0.548772 0.548993 0.548909 0.548825 0.54874 0.548713 0.548675 0.548893 0.548986 0.548901 0.548862 0.548778 0.548727 0.548642 
0.548558 0.548672 0.548623 0.548539 0.548455 0.548371 0.548381 0.548311 0.548266 0.548182 0.548992 0.548908 0.548824 0.54874 0.548656 0.548572 0.548488 0.548509 0.548682 0.548598 
0.548526 0.548443 0.548359 0.548275 0.548191 0.548108 0.548061 0.547977 0.547894 0.547822 0.547825 0.547741 0.547718 0.547635 0.547551 0.548532 0.548476 0.548392 0.548322 0.548239 
0.548963 0.548943 0.548875 0.548791 0.548708 0.550149 0.550065 0.549981 0.549897 0.550059 0.550116 0.550032 0.550276 0.550192 0.55028 0.5502 0.550153 0.550309 0.550225 0.550142 
0.550058 0.550123 0.550097 0.550014 0.549947 0.549864 0.54978 0.549697 0.549613 0.54953 0.549447 0.549363 0.550355 0.550272 0.550235 0.550565 0.550482 0.550423 0.550339 0.550256 
0.550234 0.550151 0.550068 0.549985 0.549901 0.549997 0.549914 0.549831 0.549748 0.549665 0.549582 0.550047 0.549964 0.550072 0.549989 0.550154 0.55012 0.550087 0.550004 0.549921 
0.549838 0.549755 0.549672 0.549589 0.549506 0.549423 0.549551 0.549468 0.549403 0.54932 0.549237 0.549154 0.549106 0.54913 0.549047 0.549015 0.548932 0.548874 0.549034 0.548951 
0.548961 0.549003 0.54892 0.548837 0.548755 0.548672 0.54859 0.548681 0.549124 0.549041 0.548958 0.548959 0.548877 0.548794 0.548712 0.548629 0.54856 0.548478 0.548395 0.548313 
0.548957 0.548874 0.548801 0.548718 0.548636 0.548554 0.548471 0.548389 0.548307 0.548225 0.548143 0.548064 0.548057 0.547975 0.547893 0.547811 0.547729 0.547647 0.547565 0.547486 
0.547404 0.547524 0.547452 0.54737 0.547343 0.547261 0.547179 0.547129 0.547266 0.547184 0.547102 0.547024 0.547118 0.547036 0.546955 0.546957 0.547193 0.547111 0.54703 0.547003 
0.546921 0.546839 0.546758 0.546717 0.546635 0.546554 0.546472 0.546437 0.546356 0.546274 0.546197 0.546128 0.546053 0.546012 0.545934 0.545853 0.545771 0.54569 0.545779 0.545698 
0.545618 0.545537 0.545456 0.545417 0.545336 0.545255 0.545239 0.545246 0.545165 0.545084 0.545303 0.545222 0.545141 0.545061 0.545357 0.545276 0.545312 0.545231 0.545988 0.545907 
0.545826 0.546033 0.545957 0.545876 0.545795 0.545714 0.545633 0.545552 0.545498 0.545443 0.545365 0.545317 0.545345 0.545266 0.545185 0.54525 0.545242 0.545161 0.545509 0.545429 
0.545348 0.545267 0.545187 0.545106 0.545026 0.544945 0.544865 0.544784 0.544704 0.545032 0.544952 0.546329 0.546258 0.546177 0.546323 0.546243 0.546169 0.546282 0.546202 0.546121 
0.546134 0.54652 0.547343 0.547413 0.547332 0.547251 0.547316 0.547235 0.547459 0.547378 0.547384 0.547303 0.547275 0.547194 0.547389 0.54742 0.54734 0.547265 0.547185 0.547104 
0.547024 0.546944 0.546863 0.546904 0.546871 0.547045 0.546964 0.547095 0.547431 0.547369 0.547289 0.547209 0.547128 0.547048 0.546993 0.546913 0.546852 0.546801 0.546721 0.546756 
0.546713 0.546633 0.546553 0.546473 0.546393 0.546447 0.546367 0.546287 0.546207 0.546127 0.546097 0.546217 0.546137 0.546057 0.546214 0.546482 0.546477 0.546397 0.546379 0.546764 
0.546684 0.546605 0.546525 0.546445 0.546368 0.546305 0.546225 0.546332 0.546253 0.546175 0.546096 0.546093 0.546072 0.545996 0.545917 0.545837 0.545758 0.545678 0.545599 0.545519 
0.545439 0.54536 0.545281 0.545201 0.545122 0.545042 0.544963 0.544895 0.544816 0.544736 0.544657 0.544578 0.544499 0.54442 0.544446 0.544452 0.544372 0.544293 0.544359 0.54428 
0.544201 0.544122 0.544043 0.543964 0.543923 0.543924 0.543853 0.543774 0.543695 0.5439 0.543821 0.543847 0.543768 0.543712 0.543633 0.543554 0.544402 0.544323 0.544244 0.544165 
0.544465 0.544386 0.544307 0.544228 0.544175 0.544096 0.544017 0.543974 0.543896 0.544027 0.544172 0.544093 0.544027 0.543948 0.543939 0.54386 0.543781 0.543703 0.543689 0.54361 
0.543631 0.543553 0.543474 0.543455 0.543416 0.543337 0.54357 0.543491 0.543413 0.543505 0.543498 0.544228 0.544149 0.544194 0.544115 0.544715 0.544637 0.544577 0.544754 0.544675 
0.545449 0.545371 0.545429 0.545351 0.545272 0.54525 0.545171 0.545093 0.545016 0.545029 0.544951 0.545232 0.545153 0.545075 0.544996 0.545266 0.545188 0.545119 0.54504 0.544962 
0.54489 0.544812 0.544765 0.544687 0.544622 0.544543 0.544465 0.544387 0.544309 0.544268 0.544314 0.544236 0.544158 0.54408 0.544015 0.543937 0.54392 0.544215 0.544137 0.544061 
0.543983 0.543905 0.543898 0.543979 0.543901 0.543823 0.543746 0.543814 0.543736 0.543679 0.543605 0.543542 0.543465 0.543387 0.543309 0.543232 0.543154 0.543144 0.543067 0.542989 
0.542922 0.542925 0.542848 0.54277 0.542693 0.542664 0.542587 0.5427 0.542623 0.542545 0.543126 0.543048 0.54301 0.543087 0.54301 0.542984 0.542906 0.542845 0.542857 0.542779 
0.542702 0.54268 0.542603 0.542525 0.542448 0.542371 0.542842 0.542765 0.54284 0.542762 0.542685 0.54262 0.542543 0.542466 0.542396 0.542319 0.542242 0.542697 0.542622 0.542556 
0.54258 0.542624 0.542547 0.54247 0.542393 0.542316 0.542495 0.542547 0.542473 0.542439 0.542498 0.542421 0.542344 0.542368 0.542291 0.542214 0.542669 0.542751 0.542674 0.542598 
0.542522 0.542858 0.542781 0.542705 0.542651 0.542589 0.542512 0.542436 0.542363 0.542286 0.542316 0.54224 0.542163 0.542086 0.542098 0.542245 0.542215 0.542139 0.542103 0.54203 
0.541953 0.542833 0.542775 0.542698 0.542664 0.542628 0.542552 0.542475 0.542399 0.542322 0.542246 0.54245 0.542373 0.542297 0.54222 0.542144 0.542068 0.541991 0.541915 0.541839 
0.541772 0.541696 0.54162 0.541587 0.541573 0.541545 0.541469 0.541393 0.541379 0.54174 0.541663 0.541703 0.541627 0.541551 0.541475 0.541398 0.541322 0.541246 0.54117 0.541094 
0.541026 0.54095 0.540874 0.540992 0.540916 0.54084 0.540764 0.540697 0.540621 0.540573 0.540497 0.540422 0.540346 0.540796 0.540727 0.54068 0.540953 0.540878 0.54103 0.540955 
0.540985 0.540909 0.540875 0.5408 0.540724 0.540883 0.540808 0.540797 0.540812 0.540826 0.540757 0.540682 0.540606 0.54067 0.540594 0.540552 0.541547 0.541471 0.541544 0.541469 
0.541393 0.541318 0.541245 0.54117 0.541103 0.541027 0.540952 0.540876 0.540801 0.541065 0.541843 0.541767 0.541692 0.541616 0.541541 0.541465 0.54139 0.541314 0.541408 0.541333 
0.541263 0.541188 0.541112 0.541037 0.540962 0.540887 0.540811 0.540736 0.540661 0.540859 0.540854 0.541007 0.540932 0.540857 0.540782 0.540707 0.54073 0.540655 0.54058 0.540505 
0.54043 0.540649 0.540574 0.540507 0.540432 0.540378 0.540303 0.540228 0.540342 0.540267 0.540192 0.540118 0.540593 0.540541 0.54059 0.540515 0.540459 0.540384 0.540309 0.540234 
0.54016 0.540085 0.540015 0.53994 0.539865 0.539793 0.539718 0.539643 0.539569 0.539494 0.539419 0.539345 0.53927 0.539318 0.539254 0.539847 0.539817 0.539743 0.539668 0.539594 
0.539612 0.539538 0.539463 0.539389 0.539314 0.53924 0.539165 0.539091 0.539137 0.539062 0.538988 0.538914 0.5389 0.539019 0.538945 0.539 0.539267 0.539193 0.539118 0.539084 
0.53901 0.538936 0.538861 0.538787 0.538713 0.538853 0.538788 0.538717 0.539505 0.539431 0.539357 0.539283 0.539337 0.539263 0.539402 0.539328 0.539254 0.539284 0.53921 0.539149 
0.54013 0.540056 0.539997 0.539923 0.539853 0.539779 0.539705 0.539761 0.539687 0.54 0.539926 0.539852 0.539778 0.539704 0.53963 0.540046 0.540327 0.540281 0.540341 0.540296 
0.540246 0.540172 0.540098 0.540024 0.53995 0.539876 0.539919 0.540025 0.539951 0.539877 0.539803 0.539731 0.539657 0.53978 0.539706 0.539632 0.53958 0.539506 0.539432 0.539359 
0.539352 0.539278 0.5393 0.539264 0.53919 0.539116 0.539043 0.539035 0.539113 0.539078 0.539005 0.538973 0.5389 0.538826 0.538753 0.538679 0.53863 0.538557 0.538484 0.538649 
0.53896 0.538887 0.538813 0.53878 0.538973 0.539089 0.539016 0.539027 0.538954 0.538901 0.538828 0.538755 0.53874 0.538667 0.538594 0.538664 0.538591 0.538518 0.538447 0.538374 
0.538301 0.538228 0.538155 0.538082 0.538009 0.538006 0.537933 0.537905 0.537833 0.537793 0.538441 0.538368 0.538321 0.538254 0.538181 0.538123 0.53805 0.538014 0.537941 0.537868 
0.537795 0.537723 0.537743 0.53767 0.537607 0.537534 0.537462 0.537389 0.537316 0.537244 0.537171 0.537098 0.537026 0.536987 0.536915 0.536842 0.536769 0.536703 0.536681 0.536717 
0.53666 0.537187 0.537114 0.537041 0.537115 0.537195 0.537122 0.537179 0.537106 0.537034 0.537034 0.536962 0.536889 0.536817 0.536822 0.536847 0.536775 0.536845 0.536808 0.536892 
0.536819 0.536834 0.536762 0.53669 0.536618 0.536702 0.53663 0.536739 0.536763 0.536691 0.536619 0.536546 0.536482 0.536862 0.53679 0.536717 0.536972 0.5369 0.536827 0.536811 
0.536739 0.536667 0.53685 0.536778 0.536706 0.536634 0.53664 0.536568 0.536496 0.536424 0.536359 0.536302 0.536231 0.536159 0.536272 0.536234 0.536162 0.53609 0.536018 0.536084 
0.536022 0.535951 0.535879 0.535808 0.535736 0.535735 0.535663 0.535591 0.535649 0.535577 0.535505 0.535434 0.535362 0.53529 0.535219 0.535147 0.535076 0.535004 0.535061 0.53499 
0.534918 0.534847 0.53482 0.534749 0.534813 0.534876 0.534804 0.534733 0.534724 0.534653 0.534583 0.534512 0.534484 0.534412 0.534341 0.534368 0.534296 0.534225 0.534154 0.534083 
0.534189 0.534118 0.534047 0.533976 0.533918 0.533847 0.533777 0.533758 0.533687 0.533616 0.533578 0.533507 0.533877 0.533805 0.533734 0.534139 0.534073 0.534349 0.534937 0.534866 
0.535127 0.535461 0.535409 0.535338 0.535267 0.535196 0.53519 0.535349 0.535442 0.535665 0.535593 0.535522 0.535522 0.53545 0.535445 0.535374 0.535303 0.535428 0.535357 0.535286 
0.535215 0.535144 0.535128 0.535057 0.534986 0.534917 0.534846 0.535017 0.534946 0.534875 0.534805 0.534734 0.534684 0.534739 0.534668 0.534603 0.534532 0.534505 0.534434 0.534363 
0.534293 0.534277 0.534206 0.534136 0.534065 0.533994 0.533928 0.533872 0.533934 0.533866 0.534043 0.533972 0.533902 0.53403 0.533959 0.533889 0.533818 0.533748 0.533678 0.533864 
0.533878 0.533808 0.533737 0.533667 0.533597 0.533526 0.533463 0.533393 0.533323 0.533252 0.533182 0.533329 0.533259 0.533285 0.533688 0.533618 0.533547 0.533477 0.533407 0.533613 
0.533543 0.533473 0.533403 0.533493 0.533423 0.533353 0.533283 0.533212 0.533148 0.533078 0.533545 0.533488 0.533418 0.533348 0.533278 0.533208 0.533138 0.533265 0.533257 0.533187 
0.534107 0.534037 0.533967 0.534251 0.534181 0.534111 0.534644 0.534584 0.534516 0.534446 0.534508 0.534438 0.534368 0.53434 0.534615 0.534544 0.534474 0.534405 0.534335 0.534265 
0.534195 0.534313 0.534585 0.534515 0.534487 0.534417 0.534347 0.534277 0.534207 0.534137 0.534067 0.533998 0.533928 0.533858 0.533956 0.534658 0.534588 0.53456 0.53449 0.53442 
0.534351 0.534668 0.534913 0.534849 0.534791 0.534721 0.534652 0.534585 0.53453 0.53446 0.534391 0.535141 0.535071 0.535002 0.534936 0.534956 0.535087 0.535042 0.534973 0.534903 
0.534955 0.534885 0.534816 0.534746 0.534676 0.534607 0.534548 0.534591 0.534533 0.534464 0.534394 0.534325 0.534255 0.534197 0.534161 0.534092 0.534023 0.533983 0.533913 0.533844 
0.533783 0.533714 0.534133 0.534064 0.533995 0.533926 0.533864 0.533795 0.533729 0.533659 0.53359 0.533521 0.533452 0.533383 0.533314 0.533244 0.533175 0.533343 0.533274 0.533513 
0.534631 0.534562 0.534493 0.534424 0.534418 0.53436 0.534291 0.534222 0.534184 0.534173 0.534104 0.53405 0.53451 0.53468 0.53461 0.534541 0.534472 0.534628 0.534559 0.53449 
0.53442 0.534497 0.53445 0.534508 0.53444 0.534379 0.53431 0.534241 0.534172 0.534283 0.534214 0.534145 0.534082 0.534091 0.534022 0.533953 0.533885 0.533816 0.533747 0.533678 
0.533621 0.53356 0.533758 0.533689 0.533621 0.533633 0.533635 0.533566 0.533497 0.533987 0.534111 0.534118 0.534049 0.534102 0.534035 0.534126 0.534306 0.534266 0.534323 0.534262 
0.534193 0.534475 0.534407 0.534926 0.534858 0.534986 0.535181 0.535112 0.535043 0.535259 0.535191 0.535122 0.53506 0.535088 0.535041 0.53512 0.535114 0.535122 0.535053 0.534985 
0.534983 0.534914 0.534852 0.534786 0.534801 0.534732 0.534664 0.534595 0.534533 0.534465 0.534398 0.534329 0.534261 0.534488 0.534615 0.534546 0.534707 0.53467 0.534601 0.534533 
0.534464 0.534399 0.534331 0.534263 0.534194 0.534126 0.534058 0.53399 0.533976 0.533908 0.53384 0.533771 0.533704 0.533649 0.533581 0.533513 0.533445 0.533377 0.533309 0.533302 
0.533234 0.533166 0.533098 0.533951 0.534175 0.534106 0.534039 0.533971 0.533903 0.533835 0.533767 0.533877 0.533809 0.534143 0.534075 0.534007 0.534156 0.534228 0.53416 0.534092 
0.534574 0.534541 0.534676 0.534608 0.53454 0.534472 0.534404 0.534336 0.534313 0.534246 0.534242 0.534618 0.534633 0.534755 0.534687 0.534648 0.53458 0.534512 0.534751 0.534683 
0.534615 0.534547 0.5346 0.53466 0.534801 0.534745 0.534677 0.534635 0.534568 0.534521 0.534453 0.534385 0.534413 0.534345 0.534492 0.534784 0.535658 0.53559 0.535525 0.535458 
0.53539 0.535322 0.535254 0.535275 0.535207 0.535739 0.535695 0.535639 0.535571 0.536427 0.53636 0.536295 0.536249 0.536181 0.536271 0.536209 0.536141 0.536074 0.536006 0.535938 
0.535939 0.535871 0.535803 0.535887 0.535883 0.535816 0.535815 0.535748 0.535685 0.535695 0.535628 0.53556 0.535493 0.535425 0.536047 0.53606 0.536148 0.536426 0.536359 0.536923 
0.536856 0.537184 0.537143 0.537075 0.537008 0.536941 0.536873 0.536808 0.536758 0.536907 0.536855 0.536788 0.53672 0.536653 0.536878 0.536811 0.536743 0.536676 0.536608 0.536729 
0.536796 0.536763 0.536696 0.536686 0.536618 0.536551 0.536484 0.536416 0.536349 0.536282 0.536248 0.536206 0.536253 0.536195 0.536127 0.536065 0.535998 0.536189 0.536122 0.536186 
0.536153 0.536086 0.536018 0.535951 0.535884 0.535817 0.53575 0.535683 0.535616 0.535562 0.535719 0.535653 0.535586 0.535519 0.535509 0.535458 0.535424 0.535357 0.535301 0.535234 
0.535168 0.535148 0.535117 0.535312 0.53528 0.535237 0.53517 0.535173 0.535106 0.53504 0.534973 0.534906 0.534839 0.534773 0.534709 0.534644 0.534577 0.534511 0.534444 0.534377 
0.534311 0.534301 0.53431 0.534249 0.534182 0.534116 0.534049 0.534017 0.534317 0.53425 0.534184 0.534299 0.534252 0.534185 0.534132 0.534327 0.534504 0.534443 0.534381 0.534554 
0.534488 0.534422 0.534355 0.534403 0.534336 0.53427 0.534203 0.534137 0.534071 0.534004 0.533938 0.533999 0.533933 0.533867 0.5338 0.533734 0.533668 0.533614 0.533549 0.533483 
0.533641 0.533947 0.534237 0.534766 0.534699 0.534633 0.534681 0.534615 0.534548 0.534482 0.534609 0.534618 0.534552 0.534486 0.53442 0.534353 0.534666 0.534601 0.534535 0.534469 
0.534418 0.534775 0.534711 0.534696 0.534637 0.534571 0.534505 0.534494 0.534428 0.534362 0.534296 0.53428 0.534214 0.534148 0.534082 0.534069 0.534027 0.533966 0.533913 0.533916 
0.53385 0.533787 0.533721 0.533707 0.533645 0.533579 0.533513 0.533448 0.533382 0.533316 0.53325 0.533194 0.53313 0.533065 0.532999 0.532933 0.533696 0.533751 0.533814 0.533748 
0.533682 0.533616 0.533551 0.533485 0.5346 0.534535 0.534486 0.535039 0.534974 0.534908 0.534842 0.534776 0.53471 0.534645 0.534666 0.5346 0.535412 0.535346 0.53528 0.535214 
0.535169 0.535104 0.535038 0.535229 0.535165 0.535099 0.535088 0.535106 0.535041 0.535034 0.534968 0.535071 0.535005 0.53494 0.534874 0.534809 0.534743 0.534784 0.534767 0.534702 
0.534887 0.53488 0.534889 0.535315 0.535312 0.535247 0.53519 0.535125 0.535059 0.534998 0.534933 0.534868 0.534829 0.534764 0.534698 0.534646 0.534581 0.534526 0.53447 0.534405 
0.53434 0.534294 0.534228 0.534163 0.534098 0.534147 0.534082 0.534017 0.533952 0.533886 0.533829 0.533764 0.533818 0.533753 0.533734 0.533669 0.533604 0.53366 0.533598 0.533532 
0.533582 0.53412 0.534055 0.53399 0.533925 0.533893 0.533828 0.533763 0.533698 0.533791 0.533726 0.533661 0.533596 0.533531 0.533466 0.533401 0.533336 0.533275 0.53321 0.53315 
0.533085 0.533083 0.533018 0.532953 0.532984 0.533073 0.533472 0.533407 0.533342 0.53336 0.534243 0.534178 0.534138 0.534181 0.534121 0.534064 0.534 0.534033 0.533992 0.534152 
0.534087 0.534022 0.534014 0.533949 0.533962 0.533947 0.533882 0.533818 0.533753 0.533688 0.533624 0.534267 0.534572 0.534507 0.534442 0.534378 0.5344 0.534352 0.534288 0.534493 
0.534429 0.534389 0.534324 0.534259 0.534207 0.534142 0.534078 0.534013 0.533948 0.533884 0.533827 0.533832 0.533768 0.533972 0.533908 0.533843 0.533779 0.533714 0.53365 0.533662 
0.533598 0.533533 0.533489 0.533425 0.53336 0.533305 0.533276 0.533632 0.533661 0.533596 0.533532 0.533529 0.533465 0.5334 0.533367 0.533303 0.533341 0.534172 0.534107 0.534043 
0.533979 0.533915 0.533851 0.533787 0.533981 0.533967 0.533949 0.533916 0.533852 0.533788 0.534336 0.534314 0.53425 0.534207 0.534963 0.535108 0.535353 0.535288 0.535224 0.53516 
0.535146 0.535082 0.535018 0.534953 0.53496 0.534949 0.534885 0.534821 0.53476 0.534805 0.534741 0.534677 0.534613 0.534572 0.534653 0.535076 0.535014 0.53495 0.534886 0.534822 
0.534829 0.534771 0.534707 0.534643 0.534579 0.534515 0.534457 0.534393 0.53442 0.534356 0.534292 0.534228 0.534164 0.5341 0.534036 0.533972 0.533933 0.533869 0.533805 0.533741 
0.533677 0.533613 0.53355 0.533486 0.533422 0.533464 0.5334 0.533336 0.533279 0.533215 0.533364 0.5333 0.533268 0.533204 0.533315 0.533251 0.533188 0.53318 0.533116 0.533451 
0.533387 0.533408 0.533344 0.533281 0.533218 0.533155 0.533183 0.533119 0.533056 0.533 0.533043 0.53298 0.532918 0.532855 0.532791 0.532728 0.532773 0.53271 0.533104 0.533072 
0.533261 0.533232 0.53336 0.533296 0.533296 0.533233 0.533169 0.533106 0.533043 0.533033 0.53298 0.532917 0.532853 0.53279 0.532727 0.532663 0.5326 0.532537 0.532888 0.532825 
0.532786 0.532723 0.532678 0.53278 0.532717 0.532654 0.53259 0.532549 0.532486 0.532558 0.532494 0.532431 0.532478 0.532468 0.532404 0.532349 0.532285 0.532222 0.532159 0.532096 
0.532071 0.532008 0.531974 0.531911 0.531848 0.532162 0.532203 0.53214 0.532077 0.532019 0.532368 0.532305 0.532271 0.532223 0.53216 0.532118 0.532055 0.532064 0.532689 0.532626 
0.53257 0.532507 0.532444 0.532381 0.532318 0.532256 0.532193 0.53213 0.532067 0.532008 0.531946 0.531931 0.531899 0.531836 0.531773 0.531905 0.531854 0.531791 0.531729 0.531666 
0.53169 0.531628 0.531731 0.531718 0.532071 0.532008 0.531946 0.531947 0.531943 0.53188 0.531817 0.532268 0.532205 0.532143 0.53208 0.532078 0.532015 0.531952 0.53189 0.531921 
0.531859 0.531891 0.531829 0.531936 0.531883 0.531821 0.531758 0.531696 0.531633 0.531571 0.53159 0.531578 0.531685 0.531622 0.53156 0.531497 0.531555 0.531561 0.531513 0.531451 
0.531898 0.531835 0.531773 0.531825 0.531762 0.53188 0.531818 0.53184 0.531777 0.531715 0.531653 0.53159 0.532015 0.531953 0.531891 0.531828 0.531766 0.531704 0.531753 0.531942 
0.531919 0.531857 0.531795 0.53178 0.531729 0.531666 0.53175 0.531688 0.531646 0.531584 0.53173 0.531668 0.531606 0.531602 0.531614 0.531559 0.531497 0.531445 0.531406 0.531487 
0.531425 0.531761 0.531699 0.531637 0.532675 0.533024 0.532966 0.532918 0.532856 0.532907 0.532854 0.532792 0.53273 0.532668 0.532606 0.532544 0.532909 0.532847 0.533182 0.533339 
0.533631 0.533569 0.533507 0.533479 0.53366 0.533598 0.533536 0.533538 0.533475 0.53344 0.533378 0.533604 0.533542 0.53348 0.533758 0.533696 0.533634 0.533611 0.533815 0.534055 
0.534099 0.534039 0.533984 0.533922 0.534284 0.534499 0.534437 0.534387 0.534325 0.534263 0.534201 0.53414 0.534293 0.534231 0.534409 0.534347 0.534285 0.534223 0.534296 0.534234 
0.534172 0.534329 0.534303 0.534241 0.534179 0.534496 0.534437 0.534375 0.534315 0.534366 0.534304 0.534291 0.534229 0.534168 0.534106 0.534044 0.534064 0.534002 0.534006 0.533944 
0.533883 0.533821 0.533759 0.533712 0.533722 0.533664 0.533853 0.533806 0.533745 0.533773 0.533716 0.533655 0.533593 0.533531 0.53347 0.533408 0.533384 0.533322 0.5333 0.533238 
0.533632 0.53357 0.533509 0.533447 0.533388 0.533655 0.533635 0.533574 0.533512 0.533507 0.533446 0.533385 0.533331 0.533691 0.53363 0.534192 0.53413 0.534069 0.534056 0.534008 
0.533946 0.534806 0.534744 0.534881 0.534819 0.534758 0.534696 0.534635 0.534591 0.534529 0.534468 0.534406 0.534345 0.534343 0.534282 0.53422 0.534249 0.534187 0.534126 0.534065 
0.534241 0.53418 0.534401 0.534401 0.53434 0.534294 0.534233 0.534171 0.53411 0.534067 0.534005 0.533944 0.534056 0.534285 0.534224 0.534163 0.534745 0.53469 0.534649 0.534627 
0.534567 0.535216 0.535157 0.535095 0.535034 0.535004 0.534956 0.534895 0.534838 0.534777 0.534727 0.534665 0.534604 0.534654 0.534601 0.534645 0.534583 0.534588 0.534543 0.534612 
0.534676 0.534615 0.534695 0.534634 0.534653 0.534631 0.534654 0.534593 0.534532 0.534471 0.53441 0.534434 0.534375 0.53437 0.534311 0.53425 0.534189 0.534128 0.534067 0.534136 
0.534077 0.534016 0.533955 0.533894 0.533834 0.533773 0.533818 0.533757 0.533749 0.533688 0.533627 0.533566 0.534593 0.534532 0.534471 0.534419 0.534358 0.534298 0.534237 0.534806 
0.534745 0.534686 0.534625 0.534564 0.534506 0.53462 0.534559 0.534498 0.534437 0.534376 0.534327 0.534516 0.534533 0.534473 0.534412 0.534515 0.534535 0.534474 0.534777 0.534798 
0.534737 0.534681 0.534621 0.53458 0.534524 0.534463 0.534402 0.534769 0.534724 0.534664 0.534603 0.534542 0.534482 0.53502 0.53496 0.534899 0.534858 0.534797 0.534738 0.534693 
0.534804 0.534802 0.534742 0.534834 0.534857 0.534851 0.534797 0.534736 0.534687 0.534642 0.534582 0.534521 0.534468 0.534407 0.534423 0.534363 0.534302 0.534242 0.534243 0.534183 
0.534122 0.534137 0.534086 0.534158 0.534175 0.534115 0.534055 0.533994 0.533935 0.533874 0.533878 0.534107 0.53405 0.53399 0.53393 0.533961 0.533901 0.53384 0.53378 0.53372 
0.533679 0.533619 0.533834 0.533774 0.533713 0.533671 0.53361 0.533711 0.533651 0.533626 0.533565 0.533519 0.533664 0.533873 0.533813 0.533753 0.533841 0.533782 0.533779 0.533718 
0.533658 0.533598 0.533767 0.533707 0.533647 0.533587 0.533527 0.533467 0.533426 0.533366 0.533306 0.533506 0.53368 0.534368 0.534308 0.534248 0.534188 0.534128 0.534092 0.534232 
0.534175 0.534115 0.534103 0.534043 0.533983 0.533923 0.533863 0.534147 0.534087 0.534027 0.533968 0.533957 0.533897 0.533843 0.533783 0.533751 0.533691 0.533631 0.533575 0.533515 
0.533455 0.533396 0.533336 0.533276 0.533216 0.53326 0.533243 0.533345 0.533285 0.533304 0.533244 0.533185 0.533125 0.533065 0.533019 0.532959 0.532899 0.53284 0.53278 0.532721 
0.532661 0.532601 0.532542 0.532547 0.532488 0.532643 0.532645 0.532585 0.532526 0.532475 0.532416 0.532356 0.532297 0.532246 0.533032 0.532973 0.532913 0.532854 0.532863 0.532804 
0.532821 0.532991 0.532932 0.532895 0.533102 0.533043 0.533451 0.533392 0.533333 0.533273 0.53334 0.533397 0.533389 0.533689 0.533629 0.53357 0.53351 0.533451 0.533631 0.53361 
0.533551 0.5335 0.533454 0.533445 0.533468 0.533408 0.533349 0.53329 0.53323 0.533171 0.533112 0.533052 0.533365 0.533306 0.533246 0.533187 0.533128 0.533068 0.533157 0.533098 
0.533046 0.532987 0.532928 0.532869 0.53281 0.532751 0.532692 0.532633 0.532573 0.533078 0.533029 0.53297 0.532911 0.532852 0.532793 0.532734 0.533121 0.533062 0.533007 0.532951 
0.532892 0.532851 0.532792 0.532733 0.532675 0.532616 0.532854 0.532795 0.532736 0.532738 0.532679 0.532817 0.532758 0.533122 0.533063 0.533004 0.532945 0.533022 0.533094 0.533035 
0.532976 0.532917 0.532928 0.532875 0.533173 0.533114 0.533055 0.533079 0.53302 0.532961 0.53292 0.533006 0.532997 0.532938 0.532883 0.532824 0.532867 0.532809 0.53275 0.532691 
0.532676 0.532617 0.532721 0.532849 0.532796 0.532915 0.532861 0.532877 0.533003 0.532945 0.53336 0.533443 0.533449 0.533529 0.53347 0.533411 0.533545 0.533491 0.533595 0.533536 
0.534636 0.535171 0.535112 0.535053 0.535045 0.534986 0.534928 0.534869 0.53481 0.534751 0.534692 0.534634 0.534575 0.534523 0.534805 0.534748 0.534873 0.534814 0.53489 0.534832 
0.534773 0.534894 0.534836 0.534777 0.534718 0.534696 0.534637 0.534578 0.534998 0.535345 0.535377 0.535842 0.535909 0.535915 0.535857 0.535798 0.535739 0.535916 0.535858 0.535799 
0.535749 0.53569 0.535657 0.535601 0.535543 0.535694 0.535635 0.535577 0.535518 0.53574 0.535682 0.535677 0.535619 0.53556 0.535501 0.535457 0.535398 0.535339 0.535308 0.535417 
0.535386 0.53544 0.535715 0.535656 0.535598 0.535539 0.53548 0.535422 0.535385 0.535327 0.535475 0.535417 0.535358 0.5353 0.535806 0.535747 0.535918 0.53586 0.536222 0.536163 
0.536105 0.536444 0.53639 0.536332 0.536273 0.536215 0.536156 0.536098 0.536039 0.535982 0.535923 0.535865 0.535807 0.535749 0.535774 0.535716 0.535658 0.535599 0.535582 0.535524 
0.535492 0.535603 0.535575 0.535534 0.535761 0.535703 0.535644 0.5358 0.535811 0.535837 0.535852 0.535794 0.536023 0.535965 0.535996 0.535938 0.535931 0.535898 0.535847 0.535789 
0.535731 0.535702 0.535644 0.53596 0.536049 0.536131 0.536115 0.536056 0.535998 0.535944 0.535885 0.535841 0.535836 0.535778 0.535857 0.535799 0.535741 0.535734 0.535812 0.535817 
0.535759 0.5357 0.535706 0.536015 0.535957 0.536739 0.53675 0.537107 0.537049 0.536991 0.537604 0.537546 0.537488 0.537522 0.537497 0.53753 0.53756 0.537502 0.537444 0.537829 
0.537771 0.537717 0.537659 0.537708 0.537767 0.537709 0.537719 0.537685 0.537627 0.537569 0.537526 0.537468 0.53741 0.537352 0.537534 0.538109 0.538091 0.538053 0.537995 0.537936 
0.538249 0.53819 0.538162 0.538155 0.538127 0.538069 0.538087 0.538029 0.537971 0.537913 0.53794 0.538001 0.537943 0.537885 0.537833 0.537911 0.537867 0.537809 0.538152 0.538094 
0.53829 0.538425 0.538367 0.538309 0.538505 0.538481 0.538456 0.53912 0.539062 0.539009 0.538951 0.538915 0.538857 0.538799 0.538934 0.538876 0.538824 0.53928 0.539222 0.539164 
0.539106 0.539048 0.539375 0.539317 0.539259 0.539201 0.539349 0.539292 0.539234 0.539275 0.539234 0.539176 0.539118 0.539069 0.539026 0.538974 0.53895 0.538893 0.539212 0.539169 
0.539112 0.539054 0.53904 0.539112 0.539125 0.539067 0.539009 0.538951 0.538906 0.538848 0.538932 0.538874 0.538817 0.538759 0.538703 0.538654 0.538596 0.538539 0.538481 0.538423 
0.538366 0.538308 0.538268 0.538264 0.538207 0.538149 0.538092 0.538071 0.538014 0.537956 0.537959 0.537926 0.537868 0.537811 0.537753 0.537714 0.537657 0.537599 0.537542 0.537486 
0.537798 0.537741 0.537683 0.537626 0.537584 0.537801 0.537744 0.537687 0.537629 0.537572 0.537515 0.537498 0.537441 0.537384 0.537327 0.537269 0.537212 0.537155 0.537097 0.537093 
0.537036 0.536979 0.536932 0.536875 0.536818 0.536761 0.536704 0.536653 0.536838 0.536955 0.536958 0.536901 0.536844 0.536787 0.53673 0.536673 0.53663 0.536572 0.536515 0.536466 
0.536408 0.536351 0.536307 0.536733 0.536676 0.536619 0.536562 0.536559 0.536502 0.536476 0.536449 0.536392 0.536335 0.536278 0.536257 0.5362 0.536329 0.536272 0.536246 0.536189 
0.536522 0.53649 0.536641 0.536594 0.536537 0.536489 0.536509 0.536452 0.536395 0.53637 0.536776 0.536719 0.536663 0.536606 0.53655 0.536493 0.536484 0.536494 0.536437 0.536392 
0.536353 0.536315 0.536258 0.536202 0.536149 0.536092 0.536049 0.535992 0.536082 0.536026 0.535969 0.535912 0.535856 0.536655 0.536625 0.536968 0.536911 0.536855 0.536798 0.536741 
0.536684 0.536628 0.536571 0.536516 0.536459 0.536403 0.536346 0.536615 0.536804 0.536753 0.536696 0.53664 0.536583 0.536775 0.536719 0.536662 0.536607 0.536556 0.536512 0.536456 
0.536973 0.536916 0.537533 0.537477 0.537421 0.537364 0.53739 0.537411 0.537354 0.537298 0.537241 0.537184 0.537189 0.537133 0.537076 0.537275 0.537218 0.537161 0.537105 0.537048 
0.537067 0.537201 0.537378 0.537328 0.537272 0.537346 0.537945 0.537889 0.537845 0.537795 0.537739 0.537856 0.537799 0.537742 0.537686 0.53763 0.537573 0.537547 0.53749 0.537946 
0.537889 0.537833 0.537776 0.537757 0.537717 0.537859 0.537802 0.537746 0.537694 0.537638 0.537581 0.53783 0.537902 0.537846 0.538035 0.538018 0.538308 0.538309 0.538253 0.538197 
0.538154 0.538097 0.538068 0.538364 0.538308 0.538251 0.538195 0.538247 0.538191 0.538135 0.538108 0.538795 0.538764 0.538707 0.538651 0.538594 0.538538 0.538482 0.538425 0.538408 
0.538377 0.538512 0.538455 0.538911 0.538857 0.538801 0.538745 0.538733 0.538677 0.538621 0.538567 0.538511 0.538458 0.538402 0.538349 0.538293 0.538237 0.53818 0.538124 0.538073 
0.538021 0.537965 0.537909 0.537852 0.537983 0.537927 0.537871 0.537822 0.537766 0.53771 0.537702 0.538242 0.538188 0.538132 0.538075 0.538124 0.538068 0.538088 0.538033 0.538092 
0.538036 0.537983 0.537927 0.537881 0.537834 0.537778 0.537723 0.537851 0.53824 0.538548 0.538492 0.538463 0.538572 0.538516 0.53846 0.538703 0.538749 0.538994 0.53905 0.538994 
0.539358 0.539302 0.539245 0.539189 0.539133 0.539183 0.539127 0.539243 0.539187 0.539131 0.539085 0.539036 0.53898 0.538995 0.538939 0.538957 0.538901 0.538888 0.538833 0.539104 
0.539048 0.538993 0.538937 0.538881 0.538932 0.538886 0.53883 0.538774 0.539302 0.539307 0.539252 0.539196 0.539541 0.539846 0.539819 0.539763 0.539736 0.53968 0.539625 0.539569 
0.539513 0.539457 0.539653 0.539597 0.539576 0.53952 0.539464 0.539469 0.539413 0.539357 0.539302 0.539246 0.53919 0.539405 0.539349 0.539294 0.539238 0.539182 0.539199 0.539163 
0.539225 0.539176 0.53912 0.539082 0.539026 0.53897 0.538915 0.538859 0.538805 0.538834 0.538809 0.538753 0.538721 0.538695 0.538639 0.538636 0.538616 0.538619 0.538573 0.538527 
0.538471 0.538435 0.53838 0.538347 0.538291 0.538244 0.538191 0.538305 0.53825 0.538194 0.538139 0.538083 0.538028 0.537989 0.537971 0.538104 0.538049 0.537993 0.537992 0.538329 
0.538919 0.53905 0.538995 0.538939 0.538884 0.538829 0.53878 0.538724 0.538769 0.538824 0.538851 0.538815 0.538805 0.53875 0.538713 0.538657 0.538641 0.538944 0.538889 0.538833 
0.539212 0.539157 0.539313 0.539568 0.539538 0.539482 0.539443 0.540166 0.54011 0.5401 0.540117 0.540062 0.540318 0.540358 0.540344 0.540723 0.54083 0.540774 0.541588 0.54154 
0.541511 0.541456 0.541459 0.541407 0.541368 0.541313 0.541257 0.541202 0.541146 0.541091 0.541036 0.540987 0.540936 0.540891 0.540836 0.540782 0.540726 0.540725 0.54067 0.540615 
0.54056 0.540543 0.540487 0.540509 0.540454 0.540399 0.540571 0.540525 0.54098 0.540925 0.54087 0.540815 0.54076 0.540705 0.540657 0.540602 0.540547 0.540492 0.540503 0.540455 
0.5404 0.540356 0.540301 0.540246 0.540191 0.540136 0.540081 0.540026 0.539971 0.539916 0.53986 0.539805 0.539751 0.539854 0.539799 0.539839 0.539784 0.539729 0.539674 0.539619 
0.539609 0.539848 0.539793 0.5398 0.539745 0.540104 0.54005 0.540328 0.540608 0.540576 0.54074 0.540685 0.54063 0.540575 0.540534 0.540479 0.540424 0.540398 0.540343 0.540288 
0.54024 0.540189 0.540138 0.540258 0.540203 0.540186 0.540133 0.540113 0.540058 0.540192 0.540137 0.540103 0.540048 0.539993 0.539963 0.539908 0.539853 0.539803 0.53975 0.539695 
0.539643 0.539601 0.539546 0.539678 0.53987 0.539846 0.539792 0.539737 0.539682 0.539631 0.539577 0.539522 0.539467 0.539447 0.539392 0.539352 0.539298 0.539346 0.539306 0.539251 
0.539301 0.539247 0.539205 0.539151 0.539096 0.539042 0.538987 0.538933 0.538878 0.538888 0.538868 0.538814 0.538759 0.538753 0.538699 0.538771 0.538796 0.538742 0.538818 0.538763 
0.538709 0.538656 0.538641 0.53862 0.538601 0.538547 0.539015 0.539041 0.539081 0.539029 0.538974 0.539074 0.539061 0.539007 0.538953 0.538898 0.538844 0.538895 0.538841 0.538787 
0.538732 0.538678 0.538624 0.53857 0.538516 0.538497 0.538443 0.538389 0.538335 0.538281 0.538538 0.538537 0.538483 0.538428 0.538374 0.538658 0.538604 0.538762 0.538708 0.539078 
0.539061 0.539007 0.538953 0.538904 0.53892 0.53891 0.538856 0.538802 0.538748 0.538694 0.53865 0.538595 0.538541 0.538642 0.538588 0.538534 0.53848 0.538426 0.538372 0.538318 
0.538281 0.538227 0.538173 0.538119 0.53813 0.538095 0.538292 0.53824 0.538187 0.538133 0.538079 0.538025 0.537971 0.537917 0.537919 0.5381 0.538046 0.537992 0.53798 0.53827 
0.538252 0.538198 0.538145 0.538094 0.53804 0.537986 0.537932 0.537909 0.537955 0.537906 0.53786 0.537814 0.53776 0.537727 0.537674 0.53762 0.537568 0.537537 0.537484 