-0.00652381 -0.0108954 -0.00908177 -0.00918468 -0.00734774 -0.00612312 -0.00703846 -0.00615865 -0.00611501 -0.00740343 -0.00673039 -0.00616953 -0.00509417 -0.0047303 -0.00441495 -0.00540163 -0.00508389 -0.00480145 0.0236098 0.0224293 0.0213612 
0.0203903 0.0195037 0.0186911 0.0172916 0.0249229 0.0239998 0.0231427 0.0219287 0.020722 0.0199071 0.019285 0.0204571 0.0196308 0.0196771 0.0185554 0.0180539 0.0175788 0.0171281 0.0166999 0.0161903 
0.0158048 0.0167847 0.0162512 0.0158901 0.0155447 0.0152139 0.0145235 0.0142271 0.0135566 0.0132908 0.0130352 0.0127547 0.0125185 0.012037 0.0166393 0.0163474 0.0157782 0.0155108 0.0149356 0.0146907 
0.0144538 0.0142243 0.0140021 0.0137867 0.0135778 0.0132785 0.015989 0.0157985 0.0155728 0.0153535 0.0149732 0.0145425 0.014346 0.0141547 0.0137803 0.0136013 0.0134269 0.0131269 0.0127136 0.0125567 
0.0124035 0.0122541 0.0121082 0.0118769 0.0117388 0.0116039 0.011472 0.0113431 0.0109978 0.0108769 0.0107501 0.0106345 0.0105214 0.0109312 0.0108174 0.0107058 0.0105966 0.0125513 0.0124258 0.0123027 
0.0121821 0.0120639 0.0211448 0.0209434 0.0207459 0.0214547 0.0212561 0.0209448 0.0207544 0.0213471 0.0210023 0.0206386 0.0242143 0.0238865 0.0235871 0.0233855 0.0230701 0.0227574 0.0225678 0.022263 
0.0219137 0.0216593 0.0214846 0.0211484 0.0209805 0.0213275 0.0211609 0.0209832 0.0208218 0.0206629 0.0205063 0.020204 0.0200533 0.0197517 0.0196064 0.0194633 0.0193223 0.0191833 0.0189177 0.018667 
0.018538 0.0184084 0.0182805 0.0181544 0.0180301 0.0177759 0.0176558 0.0184457 0.0183227 0.0183289 0.0182083 0.0180893 0.0178731 0.0177578 0.017518 0.0174064 0.0172962 0.0178627 0.0177387 0.0176285 
0.0175197 0.0201467 0.0200238 0.0199025 0.0206664 0.0214959 0.0213679 0.0212415 0.0211165 0.0210573 0.0209349 0.0208005 0.0206809 0.0204511 0.0203349 0.0201042 0.0204017 0.0202878 0.0200667 0.0199558 
0.0198112 0.0196175 0.0195108 0.0194054 0.0193011 0.0190907 0.0189891 0.0188887 0.0187893 0.0186909 0.0200676 0.0198624 0.0200066 0.019904 0.0197571 0.0196568 0.0195259 0.0194278 0.0192398 0.0191441 
0.0190493 0.0189021 0.0188095 0.0187241 0.0186332 0.018471 0.0183822 0.0182012 0.0252388 0.025098 0.0249796 0.0248623 0.0262313 0.0266849 0.0265614 0.0263703 0.0276978 0.0275713 0.0273588 0.02715 
0.0269407 0.0268199 0.0266644 0.0265459 0.026411 0.0262065 0.0260095 0.0258959 0.0257533 0.0256418 0.0255407 0.0257674 0.0255736 0.0254648 0.0253569 0.0252499 0.027532 0.0273404 0.0271585 0.0270458 
0.026934 0.0268232 0.0266863 0.0265774 0.0264041 0.0264629 0.0263562 0.0262504 0.0261454 0.0260412 0.0259378 0.0258353 0.0257167 0.0256158 0.0260289 0.0259276 0.0258271 0.0257274 0.0256018 0.0254555 
0.0252798 0.0251526 0.0250573 0.0249242 0.0248305 0.0247375 0.0246452 0.0244915 0.0243335 0.0242412 0.024152 0.0239971 0.0239096 0.0238226 0.0237363 0.0236793 0.0235942 0.0235181 0.0234341 0.0233159 
0.0232332 0.023122 0.0230406 0.0228966 0.0228165 0.0226955 0.0226167 0.022508 0.0224304 0.0223049 0.0222285 0.0221172 0.022042 0.0219673 0.0219578 0.0218279 0.0217492 0.0216764 0.0216042 0.0215324 
0.0214084 0.0213377 0.0212675 0.0211978 0.0211285 0.0210778 0.0230577 0.0229831 0.0229089 0.0228353 0.0227234 0.0226508 0.0225787 0.0226289 0.0225703 0.0251393 0.0250602 0.0249167 0.0248388 0.0251627 
0.0250845 0.0250367 0.0249594 0.0248826 0.0247503 0.024752 0.0246765 0.0245759 0.0267174 0.0265968 0.0265167 0.0264371 0.0266791 0.0265995 0.0264956 0.0264007 0.0262775 0.0267066 0.0266281 0.02655 
0.026438 0.0263044 0.0261678 0.026092 0.0259956 0.0259207 0.0258462 0.0257143 0.0256408 0.0255677 0.0254951 0.0254229 0.0253119 0.0252406 0.0251237 0.0250533 0.0249833 0.0249137 0.0248094 0.0248537 
0.024785 0.0249506 0.0248811 0.0247613 0.0246936 0.0246263 0.0245439 0.0253924 0.0253238 0.0252472 0.0251768 0.0251093 0.0250421 0.0249754 0.0249089 0.0247902 0.0247246 0.0246263 0.024523 0.024939 
0.0248737 0.0248088 0.0247442 0.024712 0.024648 0.0245843 0.0245209 0.0244459 0.0243832 0.0249885 0.0249248 0.0248614 0.0247983 0.0247355 0.0247232 0.0246609 0.0245469 0.0244854 0.0243727 0.0242916 
0.0243352 0.0242749 0.0243905 0.0247317 0.024713 0.0246523 0.0245581 0.024498 0.0244383 0.0243788 0.0243197 0.0242608 0.0242022 0.0240948 0.0240369 0.0239792 0.0238768 0.0238198 0.0237631 0.0237067 
0.0236505 0.0235568 0.0235013 0.0234003 0.0233402 0.0232855 0.0231847 0.0231307 0.0230526 0.0229991 0.0233632 0.0233093 0.0232375 0.0231841 0.023446 0.02337 0.0233167 0.0232636 0.0232107 0.0231581 
0.0231057 0.0230535 0.0230016 0.0229334 0.022882 0.0228308 0.0227799 0.0227291 0.0226786 0.0226283 0.0225342 0.0224844 0.0224084 0.0223538 0.0222869 0.022239 0.0222968 0.0222031 0.0221548 0.0220779 
0.022011 0.0228129 0.0227637 0.0226805 0.0226269 0.0225353 0.0224451 0.0223895 0.0222985 0.0222922 0.022245 0.0221855 0.0221387 0.0221402 0.0220937 0.0220474 0.0220013 0.0219554 0.0219 0.0218545 
0.0218091 0.021764 0.0217515 0.0216643 0.0216197 0.0215753 0.0214889 0.021445 0.0213783 0.0213347 0.0212914 0.0212299 0.021187 0.0211442 0.0210621 0.0213176 0.0212341 0.0211518 0.0211095 0.0210673 
0.0210254 0.0209836 0.0209365 0.0208951 0.0208538 0.0208127 0.0207717 0.0208962 0.0208306 0.0207898 0.0207492 0.0207087 0.0206283 0.0205882 0.0205483 0.0204805 0.020441 0.0204016 0.0203624 0.0203974 
0.0228023 0.0227587 0.0227153 0.022672 0.0226289 0.022586 0.0225069 0.0224643 0.0224153 0.0223731 0.0223311 0.0222746 0.0222329 0.0221914 0.0221245 0.0220833 0.0220423 0.0220014 0.0219316 0.021891 
0.0218133 0.021735 0.0216869 0.0216471 0.0216075 0.021568 0.0214971 0.021458 0.0214412 0.0213817 0.021343 0.0213044 0.0215858 0.0216655 0.0216045 0.0215292 0.0214906 0.0214337 0.0213689 0.0213266 
0.0212886 0.0212508 0.0212011 0.0211358 0.0210743 0.0210372 0.0210001 0.0210371 0.0210002 0.0210749 0.0210018 0.0209652 0.0209286 0.0208568 0.0207877 0.0207517 0.0207158 0.0223459 0.0222716 0.0222333 
0.0221595 0.0221215 0.022056 0.0220183 0.0219808 0.0219366 0.0218993 0.0219368 0.0218996 0.0218625 0.02182 0.0217832 0.0217465 0.02171 0.0216719 0.0216356 0.021586 0.0215292 0.0214933 0.0214575 
0.0214156 0.0213668 0.0213314 0.0212725 0.0212129 0.021169 0.0211002 0.0210655 0.020998 0.0209636 0.0209293 0.0208952 0.0208612 0.0208155 0.0209714 0.0209336 0.0208997 0.020866 0.0208323 0.0207988 
0.0207501 0.0206856 0.0206524 0.020596 0.0205631 0.020503 0.0204562 0.0204237 0.0203913 0.0204983 0.0204331 0.0204009 0.0203687 0.0206505 0.0205855 0.020536 0.0205038 0.0204556 0.0204226 0.0203907 
0.020359 0.0203273 0.0202957 0.0204938 0.020462 0.0204304 0.0203753 0.020344 0.0202834 0.0202249 0.0201939 0.0201629 0.0201004 0.0200603 0.020089 0.0200286 0.0199982 0.0199371 0.0199069 0.0198768 
0.0198468 0.0198012 0.0197714 0.0209807 0.0209403 0.020883 0.0208517 0.0208268 0.020873 0.0208419 0.0208109 0.02078 0.0207323 0.0207016 0.0206638 0.0206333 0.0205999 0.020539 0.0205088 0.0204691 
0.0204391 0.0204091 0.0203793 0.0203365 0.0203586 0.0203289 0.0202846 0.0202505 0.0202212 0.0201638 0.0201346 0.0200821 0.0200532 0.0200128 0.0199676 0.0199278 0.0203627 0.0203336 0.0202778 0.0202489 
0.0204848 0.0204338 0.0204048 0.0203759 0.0203387 0.02031 0.0202813 0.0202315 0.020203 0.0201481 0.0201198 0.0200831 0.0200549 0.0200084 0.0199805 0.0199526 0.0199248 0.0198971 0.0198695 0.0198419 
0.0198144 0.0197602 0.0197329 0.0197056 0.0199238 0.0198964 0.0198611 0.0198329 0.0198057 0.0197532 0.0197262 0.0196993 0.0196724 0.0196286 0.0195934 0.0196057 0.0195518 0.0195227 0.0194963 0.01947 
0.0194225 0.0193837 0.0193576 0.0193316 0.0193935 0.0193675 0.0193416 0.0196667 0.0196405 0.0195871 0.0195611 0.0195351 0.0195092 0.0194833 0.0194576 0.0194242 0.0193986 0.0193995 0.0193739 0.0193273 
0.0193019 0.0201564 0.02013 0.0201035 0.0200666 0.0200291 0.0199838 0.0199434 0.0198924 0.0198666 0.0198408 0.0198002 0.0197747 0.019844 0.0198184 0.0197929 0.0197675 0.0197174 0.0196921 0.0196669 
0.0196418 0.0196167 0.0195917 0.0195667 0.0195418 0.019517 0.0194671 0.0194424 0.0194178 0.0193933 0.0193688 0.0193444 0.01932 0.0192957 0.0201432 0.0201502 0.0201219 0.0200967 0.0200716 0.0200407 
0.0200157 0.0199656 0.0199408 0.019916 0.0198913 0.0198666 0.019842 0.0198175 0.0198832 0.0198587 0.0198342 0.0198098 0.0197855 0.0197784 0.0197541 0.0197155 0.0196661 0.0196168 0.0195929 0.019569 
0.01952 0.019494 0.0194704 0.0194468 0.0194232 0.019398 0.0193746 0.0193412 0.0193179 0.0192946 0.0192572 0.0192341 0.019211 0.0191711 0.0191482 0.0191253 0.0190831 0.0190603 0.0190268 0.0190042 
0.0189595 0.018937 0.0189146 0.0188878 0.0188602 0.0188758 0.0188535 0.0188248 0.0187971 0.018775 0.0187324 0.0192696 0.0192242 0.0192233 0.0192009 0.0191785 0.0191561 0.0191109 0.0190751 0.0193834 
0.0193609 0.0193385 0.0193066 0.0192626 0.0192344 0.0192122 0.0191901 0.0191477 0.019152 0.01913 0.0191081 0.019068 0.0190417 0.0190147 0.0189693 0.0189477 0.0189261 0.0190112 0.0189896 0.018968 
0.0189456 0.0189241 0.0189027 0.0188814 0.0188601 0.0188181 0.0187737 0.0188072 0.0187861 0.018765 0.0187298 0.0187031 0.0186594 0.0186385 0.0186073 0.0185752 0.0185471 0.0185228 0.0184808 0.0184603 
0.0184169 0.0183965 0.0183639 0.0183436 0.0183016 0.0182814 0.0182613 0.0182412 0.0182212 0.0182012 0.0181812 0.0181613 0.0181414 0.0181106 0.0180908 0.0180711 0.0180317 0.0179952 0.0183243 0.0183044 
0.0182621 0.0182423 0.0182225 0.0182028 0.0181832 0.0181636 0.018144 0.0181245 0.0180828 0.0180434 0.0180198 0.0180004 0.0179812 0.0179619 0.0179293 0.0179102 0.0182349 0.0182154 0.0181961 0.0188095 
0.0189007 0.0188719 0.0188342 0.0188037 0.0187838 0.018764 0.0187442 0.0187244 0.0187047 0.0186647 0.0186451 0.0186255 0.018606 0.0185865 0.0185671 0.0185477 0.0185267 0.0184904 0.0184585 0.0184193 
0.0184002 0.0185662 0.0185402 0.0186372 0.0186179 0.0186343 0.0186151 0.0185865 0.0185525 0.0185334 0.0184975 0.0184667 0.0184478 0.0184289 0.0183888 0.01837 0.0183512 0.0183324 0.0183137 0.0182951 
0.0182764 0.0182578 0.0186563 0.0186374 0.0186185 0.0185996 0.0185808 0.018562 0.0185433 0.0185178 0.0184992 0.0184805 0.018462 0.0184297 0.0184112 0.0183928 0.0183738 0.0183554 0.018337 0.0183071 
0.0184665 0.0184407 0.0184224 0.0185856 0.0185575 0.018539 0.0185093 0.0184909 0.0184726 0.0184339 0.0184466 0.0184284 0.0188009 0.0187631 0.0187447 0.0188358 0.018805 0.0187865 0.0187681 0.0187396 
0.0187213 0.0186884 0.0186704 0.0186522 0.018634 0.0186159 0.0185977 0.0185797 0.0185616 0.018524 0.0185104 0.0184924 0.0184746 0.0184405 0.0184227 0.0184049 0.0183872 0.018464 0.018442 0.0184243 
0.0183906 0.018373 0.0183361 0.0183039 0.0182864 0.018269 0.0182515 0.0182197 0.0188495 0.0188119 0.0188279 0.0188101 0.0187893 0.0187715 0.0187393 0.018702 0.0186843 0.0186667 0.0186491 0.0186169 
0.0185873 0.0185507 0.0185332 0.0185158 0.0184832 0.0185079 0.0184906 0.0184733 0.018456 0.0184303 0.0183938 0.018674 0.0186567 0.0186393 0.018622 0.0186047 0.0185682 0.0185637 0.0185652 0.018548 
0.0185117 0.0184946 0.0185631 0.0185277 0.0185107 0.0184936 0.0184669 0.0184318 0.0184149 0.018398 0.0183812 0.0183644 0.0183476 0.0183308 0.0183141 0.0182974 0.0182807 0.0182641 0.0182475 0.0182309 
0.0182144 0.0181875 0.018171 0.0181384 0.018122 0.0181056 0.0180715 0.0180448 0.0180172 0.0179862 0.01797 0.0179539 0.0179341 0.0179218 0.0179057 0.0178897 0.0178737 0.0178434 0.0178274 0.0177976 
0.017866 0.0178501 0.0178189 0.017803 0.0177709 0.0177551 0.0177298 0.0177141 0.0176896 0.0177105 0.0176766 0.017661 0.0176786 0.0176451 0.0176257 0.0175955 0.0175725 0.017557 0.0175329 0.0175175 
0.0175022 0.0174869 0.0174716 0.0174563 0.0174411 0.0174259 0.0174107 0.0173955 0.017376 0.0173596 0.0173445 0.0173295 0.0173145 0.0172995 0.0172845 0.0176189 0.0176036 0.0175814 0.0176775 0.0176464 
0.0176312 0.0176355 0.0176203 0.0176052 0.0176642 0.017649 0.0176329 0.0176178 0.0176027 0.0175866 0.0175716 0.0175414 0.0175265 0.0175116 0.0174967 0.0174646 0.0174498 0.017435 0.0174202 0.017388 
0.0173674 0.0173527 0.0173381 0.0173144 0.0172998 0.0172725 0.017241 0.0172256 0.0172111 0.0171967 0.0171823 0.0171542 0.0171398 0.0171084 0.0170941 0.0170798 0.0170595 0.0170453 0.0170143 0.0170001 
0.016986 0.0169708 0.0169567 0.0169426 0.0169286 0.0169102 0.0168844 0.0175121 0.0174898 0.0174607 0.0174463 0.0174319 0.0174176 0.0174032 0.0173889 0.0173589 0.0173447 0.0173135 0.0173261 0.0173119 
0.0172977 0.0174155 0.0174013 0.0173862 0.0173573 0.0173431 0.0173131 0.0172904 0.0173852 0.0173653 0.0173353 0.0173213 0.0173072 0.0172778 0.0172638 0.0172498 0.0172192 0.0172053 0.0171915 0.0171776 
0.0171638 0.0171426 0.0171313 0.0171014 0.0170876 0.0170739 0.0170603 0.0170466 0.0172639 0.0172349 0.0172123 0.0171986 0.0171849 0.0171606 0.0171469 0.0171306 0.017117 0.0170872 0.0170736 0.0170601 
0.0170305 0.017017 0.0170035 0.0169883 0.0169749 0.017003 0.0169773 0.0171055 0.0170878 0.0170601 0.0170337 0.0170203 0.0170069 0.0169936 0.0169803 0.016967 0.0169412 0.0169135 0.0169003 0.0168871 
0.0168671 0.016854 0.0168409 0.0168277 0.0168147 0.0168016 0.0167861 0.0167731 0.0167601 0.0167753 0.0168469 0.0168339 0.0168209 0.0168079 0.0167949 0.016782 0.016917 0.0168972 0.0168817 0.0168687 
0.0168557 0.0168428 0.016938 0.016925 0.0169121 0.0168991 0.0168862 0.0168576 0.0168448 0.0168319 0.0168035 0.0168118 0.0167858 0.0167731 0.0167501 0.0167374 0.0167358 0.0167314 0.0167187 0.016706 
0.0166777 0.0166495 0.0166369 0.0166164 0.0166039 0.0165913 0.0165788 0.0165664 0.0165539 0.0165415 0.0165291 0.0165167 0.0165043 0.0164864 0.016474 0.0164578 0.0164455 0.0164255 0.0164133 0.0163902 
0.0163915 0.0163642 0.016352 0.0163412 0.0163266 0.0163145 0.0163143 0.0162901 0.0163264 0.0163143 0.0163022 0.0162902 0.0162969 0.0162849 0.0162728 0.0162609 0.0162489 0.0162369 0.016225 0.0162026 
0.0161907 0.0161736 0.0161617 0.0161499 0.0161381 0.0164056 0.0163936 0.0163816 0.0163659 0.016354 0.0163421 0.0164396 0.0164163 0.0164044 0.0163925 0.0163703 0.0163584 0.0163384 0.0163265 0.0163147 
0.0163029 0.0163204 0.0163052 0.0162935 0.016268 0.0162481 0.0162364 0.0164394 0.0164137 0.0164019 0.0164033 0.0164247 0.0164024 0.0163907 0.0163789 0.0163672 0.0163555 0.0163438 0.0163321 0.0163205 
0.0163087 0.0162894 0.0162778 0.0162662 0.0162546 0.0162431 0.0162315 0.016213 0.0161965 0.016185 0.0161736 0.0161475 0.0161294 0.016118 0.0160947 0.0160833 0.0160607 0.0160494 0.0160237 0.0160124 
0.0161757 0.0161643 0.0161529 0.0161416 0.0161303 0.0161085 0.0160964 0.0160851 0.0160613 0.0160501 0.016029 0.0160178 0.0160067 0.0159955 0.0159983 0.0159871 0.015976 0.0164366 0.0164181 0.0164067 
0.0165276 0.0165148 0.0165034 0.016492 0.0164806 0.0164549 0.0164293 0.016418 0.0164067 0.0164073 0.016396 0.0163706 0.0163593 0.0163481 0.0163369 0.016321 0.0162959 0.0162848 0.0166233 0.0165991 
0.0165878 0.0165715 0.0165602 0.0165404 0.0165641 0.0165528 0.0165415 0.0165303 0.016519 0.0165078 0.0164966 0.0164854 0.0164742 0.0164496 0.0164385 0.0164134 0.0163901 0.0163745 0.0163888 0.0163778 
0.0163667 0.016346 0.0163259 0.0163149 0.0163039 0.0162929 0.0163024 0.0162915 0.0162806 0.0162696 0.0162619 0.01624 0.0162291 0.0162787 0.0162678 0.0162569 0.0162409 0.01623 0.0162062 0.0162015 
0.0161805 0.0161697 0.016159 0.0161482 0.0161375 0.0161268 0.0161161 0.0161054 0.0160814 0.0160695 0.0160589 0.0160483 0.0160377 0.016027 0.0160164 0.0160058 0.0159873 0.015965 0.0159473 0.0159317 
0.0159212 0.0158973 0.0159164 0.015906 0.0158955 0.0158765 0.0158661 0.0158478 0.0158241 0.0158035 0.0157932 0.0157864 0.0157761 0.015764 0.0157538 0.0157394 0.0157292 0.0157071 0.0156873 0.0156776 
0.0156675 0.015804 0.0157938 0.0157798 0.0157695 0.0157594 0.0157492 0.015739 0.0157289 0.0157057 0.0157582 0.0157984 0.0157793 0.0157656 0.0157444 0.0157343 0.0157189 0.0157088 0.0156955 0.0157006 
0.0156896 0.0157373 0.0157273 0.0157172 0.0157072 0.0156972 0.0156847 0.0156747 0.0156653 0.0156553 0.0156453 0.0156354 0.0156255 0.0156043 0.0155831 0.01659 0.0165795 0.016569 0.0165585 0.016548 
0.016529 0.0165186 0.0165081 0.0164848 0.0164664 0.0164561 0.0164457 0.0164262 0.0164442 0.0164339 0.0164235 0.0164132 0.0164261 0.0164158 0.0164056 0.0163912 0.0166247 0.01661 0.0165996 0.0168381 
0.0168276 0.0168088 0.0167983 0.0167752 0.0167648 0.0167544 0.0167439 0.0167275 0.0167171 0.0167041 0.0166937 0.0166833 0.016673 0.0166627 0.0166524 0.0166421 0.0166256 0.0166027 0.016609 0.0165904 
0.0165801 0.0165676 0.0165574 0.0165472 0.016532 0.0165218 0.0166765 0.0166662 0.016656 0.0166335 0.0166233 0.0166062 0.016596 0.0165859 0.0165757 0.0165656 0.0165457 0.0165356 0.0165255 0.0165114 
0.0165014 0.0164913 0.0164813 0.0164713 0.0164786 0.0164564 0.016583 0.0165751 0.016565 0.016555 0.0165397 0.0165297 0.0165197 0.0165231 0.0165116 0.0164897 0.0164798 0.0164699 0.0164495 0.0164341 
0.0164596 0.0164497 0.0164275 0.0164176 0.0164077 0.0163979 0.0163813 0.0163715 0.0163493 0.0163395 0.0163298 0.01632 0.0163102 0.0162882 0.0162785 0.0162624 0.0162527 0.016392 0.0163709 0.0163583 
0.0163485 0.0163373 0.0163305 0.0163208 0.0163731 0.0163634 0.0163537 0.0163318 0.0163221 0.0163125 0.0163028 0.0162838 0.0162742 0.0162646 0.016255 0.0162393 0.0162298 0.0162202 0.0162107 0.0161998 
0.0161903 0.0161775 0.016168 0.0161585 0.0163666 0.016357 0.0163371 0.0163691 0.0163492 0.0163391 0.0173653 0.0173552 0.017345 0.0173349 0.017359 0.0173489 0.0173388 0.0173288 0.0173076 0.0172903 
0.0172688 0.0172588 0.0172473 0.0172263 0.0172164 0.0172064 0.0171911 0.0171811 0.0171712 0.0171613 0.0171792 0.0171692 0.0171593 0.0171495 0.0171396 0.0171297 0.0171199 0.01711 0.0171002 0.0170904 
0.0170805 0.0170597 0.0170506 0.0170301 0.0170198 0.01701 0.0170003 0.0169906 0.0169808 0.0169681 0.0169516 0.0169479 0.0169382 0.0169286 0.0169076 0.016898 0.0168884 0.0168788 0.0168692 0.0168539 
0.0168443 0.0168292 0.0168185 0.0168031 0.0167832 0.0167737 0.0167642 0.0167527 0.0167556 0.0167462 0.0167346 0.0167252 0.0167158 0.0167063 0.0166969 0.0166778 0.0166684 0.016659 0.0166383 0.016629 
0.0166124 0.0166169 0.0166457 0.0166274 0.0166064 0.0168032 0.0167938 0.0167751 0.0167658 0.0167564 0.0167471 0.0167377 0.0167177 0.0167084 0.0166898 0.0170606 0.0170511 0.0170376 0.0173609 0.0173555 
0.0173369 0.0173272 0.0173176 0.017308 0.0172985 0.0172889 0.0172793 0.0172928 0.0172775 0.0172598 0.0172503 0.0172295 0.01722 0.0172023 0.0171928 0.0171834 0.0172507 0.0172326 0.0172232 0.0172023 
0.0171921 0.0171827 0.0171664 0.0173884 0.0173734 0.0173639 0.0173544 0.0173379 0.0173223 0.0173049 0.0172867 0.0172773 0.0172679 0.0172585 0.0172491 0.017235 0.0172147 0.0172054 0.017196 0.017261 
0.0172516 0.0172423 0.0172232 0.0172139 0.0171952 0.0171859 0.0171766 0.0171673 0.0171479 0.0171277 0.0171077 0.0170889 0.0170686 0.0170586 0.017062 0.0170528 0.0171061 0.0170885 0.0170793 0.0170702 
0.017061 0.0170518 0.0170427 0.0170336 0.0170202 0.0170111 0.016991 0.016982 0.0169874 0.0169783 0.0169758 0.0169668 0.0169489 0.0169398 0.0169201 0.0169111 0.0169021 0.0168931 0.016877 0.016868 
0.016848 0.0168283 0.0168194 0.0168104 0.0168015 0.0167926 0.0167837 0.0167747 0.0167659 0.0167479 0.0167431 0.0167343 0.0167255 0.0167166 0.0167078 0.0166894 0.0166806 0.0166718 0.0166631 0.0166543 
0.0166455 0.0166368 0.0166281 0.0166193 0.0166106 0.0165919 0.0165832 0.0165906 0.016582 0.0165733 0.0165595 0.0165508 0.0165422 0.0165335 0.0165153 0.0164996 0.0165598 0.0165512 0.0165426 0.0165245 
0.0165159 0.0165073 0.0165253 0.0165101 0.0165016 0.0164866 0.016478 0.0164641 0.0164555 0.016447 0.0164307 0.0164222 0.0164137 0.0164052 0.0163967 0.0163779 0.0163621 0.0163689 0.0164766 0.0165073 
0.0164927 0.0164842 0.0164734 0.0164572 0.0164445 0.0164361 0.016448 0.0165971 0.0165886 0.0165801 0.0165625 0.0165519 0.0165376 0.0165273 0.0165124 0.0165204 0.0165116 0.0164927 0.0164843 0.016472 
0.0164606 0.0164522 0.0164438 0.0164355 0.0164271 0.0164101 0.0163939 0.0163856 0.0163773 0.0163589 0.0163417 0.0163243 0.0163191 0.0163108 0.0163025 0.0162943 0.0162861 0.0162778 0.0162833 0.0162751 
0.0162669 0.0162525 0.0162362 0.0162301 0.016222 0.0162138 0.0162056 0.0161973 0.0161891 0.0161795 0.0161638 0.0161475 0.0161394 0.0161313 0.0161232 0.0161151 0.0160994 0.0160913 0.0160833 0.0160724 
0.0160644 0.0160564 0.0161053 0.0160973 0.0160893 0.0161475 0.0161395 0.016122 0.0161048 0.0161028 0.0160948 0.0160868 0.0160788 0.0160812 0.0160732 0.0160794 0.0161509 0.0163007 0.0162838 0.0162757 
0.0162677 0.0162597 0.0162516 0.0162436 0.0162285 0.0162205 0.0162039 0.0161909 0.016183 0.0161648 0.0161569 0.0161433 0.0161353 0.0161226 0.0161147 0.0161068 0.016144 0.0161309 0.016123 0.0161143 
0.0161064 0.0160986 0.0160907 0.0160735 0.0160657 0.0160578 0.01605 0.0160421 0.0160343 0.0160168 0.016009 0.0160012 0.0159934 0.0166568 0.0166487 0.016664 0.0166559 0.0166478 0.0166398 0.0166289 
0.0166146 0.0166065 0.0165985 0.016583 0.016568 0.01655 0.016542 0.016534 0.016526 0.0165292 0.0165186 0.0165107 0.0164938 0.0164859 0.0164779 0.0164651 0.0164572 0.0164595 0.0168444 0.0168363 
0.0168183 0.0168057 0.0167976 0.0167896 0.0167746 0.0167666 0.0167585 0.0167505 0.0167425 0.0167436 0.0167259 0.0167179 0.01671 0.016702 0.016694 0.0166861 0.016673 0.0166644 0.0166565 0.0166517 
0.0166438 0.0166271 0.0166127 0.0166046 0.0165967 0.01658 0.0165722 0.0165634 0.0165462 0.0166003 0.0165967 0.0165888 0.0165753 0.0165605 0.0165527 0.0165375 0.0165297 0.0165181 0.0165103 0.0165025 
0.0164947 0.0164773 0.0164668 0.016459 0.0164513 0.0164435 0.0164275 0.016417 0.0164093 0.0164016 0.0163881 0.0163709 0.0163632 0.0163556 0.0163479 0.0163402 0.0163317 0.0163209 0.0163133 0.0163035 
0.0162864 0.0162788 0.0162712 0.0162636 0.016251 0.0162434 0.0162263 0.0162188 0.0162112 0.0162037 0.0161886 0.0161722 0.0161575 0.0163312 0.0163236 0.016318 0.016381 0.0163734 0.0163563 0.0163968 
0.0163893 0.0163817 0.0163741 0.0163666 0.0163498 0.0163423 0.0163348 0.0163205 0.0163124 0.0163021 0.0162946 0.0162779 0.0162625 0.0162968 0.0162893 0.0162818 0.0162923 0.0162753 0.0162584 0.016251 
0.0162435 0.0162361 0.0162287 0.0162212 0.0162067 0.0162628 0.0164023 0.0163948 0.0163808 0.0163672 0.0163598 0.0163523 0.0163448 0.0163308 0.0163234 0.0163066 0.0162992 0.0162918 0.0162844 0.0162693 
0.0162537 0.0162438 0.0162352 0.0162278 0.0162132 0.0162182 0.0162108 0.0161995 0.0161922 0.0161849 0.0161775 0.0161702 0.0162223 0.016215 0.0162077 0.0161982 0.0161816 0.0161743 0.016167 0.0161603 
0.016153 0.0161458 0.0161385 0.0161295 0.0161223 0.0161151 0.0161039 0.0161506 0.0162052 0.0161886 0.0161752 0.0161646 0.0161503 0.0161431 0.0161309 0.0161237 0.0161095 0.0160941 0.0160869 0.0160797 
0.0160725 0.0160654 0.0160659 0.0160588 0.0160516 0.0160397 0.0160326 0.0160233 0.01603 0.0160229 0.0160157 0.0161128 0.0161056 0.0161203 0.0161131 0.016106 0.0160988 0.0160917 0.0163475 0.0163402 
0.0163239 0.01631 0.0163005 0.0162933 0.0169266 0.0169191 0.0169117 0.0169042 0.0169013 0.0168939 0.016924 0.0169165 0.0169016 0.0168941 0.0170545 0.017047 0.0170395 0.0170231 0.0170689 0.0170614 
0.0170539 0.0170465 0.0170615 0.0170902 0.0170763 0.0170688 0.0170614 0.0170539 0.0170465 0.0170419 0.0170345 0.017027 0.0170168 0.0170094 0.016995 0.0169794 0.016972 0.0169561 0.0169409 0.0169312 
0.0169191 0.0169214 0.0169141 0.0169067 0.0168994 0.0169545 0.0169472 0.0169398 0.0169325 0.0169868 0.0169756 0.0169683 0.0169609 0.0169536 0.0169463 0.0169383 0.0169403 0.0169299 0.0169146 0.0169074 
0.0169001 0.0168928 0.0168855 0.0168705 0.0168633 0.016856 0.0168488 0.0168416 0.0168343 0.0168271 0.0168621 0.0168549 0.0168477 0.0168405 0.0168333 0.0168217 0.0168143 0.0168146 0.0168074 0.0168003 
0.0167843 0.0167772 0.01677 0.0167546 0.0167475 0.0167318 0.0167247 0.0167176 0.0167105 0.0167033 0.0166892 0.0166821 0.0166915 0.0166844 0.0166695 0.0166624 0.0166519 0.0166448 0.0166304 0.0166182 
0.0166054 0.0165903 0.0165833 0.0165677 0.0165607 0.0166426 0.0166356 0.0166222 0.0166152 0.0166081 0.0165942 0.0165872 0.0165795 0.0165678 0.0165836 0.0166385 0.0166231 0.0166075 0.0165919 0.0165771 
0.0165701 0.0165631 0.0165562 0.0165456 0.0165386 0.0165317 0.0165192 0.0165038 0.0164903 0.0164834 0.016478 0.0164632 0.0164563 0.0164494 0.0164426 0.0164357 0.0164224 0.0164156 0.0164008 0.0163938 
0.0163867 0.0164219 0.0164151 0.0164083 0.0164014 0.0164323 0.0166135 0.0166252 0.0166183 0.0166115 0.0166046 0.016605 0.0165982 0.0165874 0.0165805 0.0166335 0.016623 0.0166161 0.0166093 0.0166008 
0.0165868 0.01658 0.0166745 0.0166677 0.016675 0.0166681 0.0166612 0.0166544 0.0166721 0.0166616 0.0166547 0.0166475 0.0166406 0.0166254 0.0166186 0.0166117 0.0166101 0.0166033 0.0165965 0.0165897 
0.0165829 0.0165721 0.0165569 0.0165501 0.0165695 0.0165627 0.0165504 0.0165439 0.0165289 0.0165221 0.0165268 0.0165201 0.0165126 0.0165054 0.0164987 0.0165051 0.0164984 0.0164856 0.0166523 0.0166456 
0.0166307 0.016624 0.0166163 0.0166095 0.0166028 0.0165946 0.016584 0.0165795 0.0165693 0.0165626 0.0165559 0.0165417 0.016535 0.0165203 0.0165136 0.0165071 0.0165004 0.0164856 0.016479 0.0164723 
0.0164636 0.0164754 0.0164688 0.0164621 0.0164478 0.0164412 0.0164346 0.0164218 0.0164152 0.0164086 0.016402 0.0163924 0.0163826 0.016376 0.0163636 0.0163571 0.0163505 0.0164339 0.0164191 0.01641 
0.0163977 0.0163911 0.0163846 0.016378 0.0163715 0.016365 0.0163538 0.0163413 0.0163348 0.016326 0.0163875 0.016381 0.0163745 0.016368 0.0163586 0.0163523 0.0163391 0.0163327 0.0163262 0.0163419 
0.0163354 0.0163289 0.0163224 0.0163139 0.0163004 0.0162939 0.0162819 0.0162725 0.016266 0.0162596 0.0162532 0.0162468 0.0162369 0.0162297 0.0162233 0.0162169 0.0162105 0.0163013 0.0162908 0.0163002 
0.0162937 0.0162873 0.0162809 0.0162745 0.0162628 0.0163078 0.0163014 0.016287 0.0162726 0.0162662 0.0162517 0.0162454 0.016239 0.0162246 0.0162183 0.0162119 0.0162056 0.0161914 0.0161851 0.0162441 
0.0165983 0.0165918 0.0165806 0.0166457 0.0166391 0.0166326 0.0166225 0.016608 0.0165972 0.0165907 0.0165787 0.016565 0.0165522 0.0165458 0.0165377 0.0165313 0.0165248 0.0165184 0.016512 0.0165056 
0.0164992 0.0164868 0.0164802 0.0164659 0.0164639 0.0164575 0.0164774 0.016471 0.0164588 0.0164493 0.0164414 0.016435 0.0164212 0.0164115 0.0163992 0.0163929 0.0163869 0.0163806 0.0163743 0.016368 
0.0163542 0.0163435 0.0163372 0.0163309 0.0163246 0.0163184 0.0163064 0.0162975 0.0162898 0.0162836 0.0162773 0.0162711 0.0162596 0.0162534 0.0162394 0.016227 0.0162134 0.0162072 0.016201 0.016187 
0.0161808 0.0161746 0.0161607 0.0161545 0.0162548 0.0162486 0.0162424 0.0162328 0.0162266 0.0162197 0.0162136 0.0162155 0.0162094 0.0161965 0.0161903 0.0161842 0.0161781 0.0161659 0.0161539 0.0161477 
0.0161416 0.0161282 0.0161146 0.0161085 0.0161024 0.016116 0.0161045 0.0160926 0.0160866 0.0160805 0.0160744 0.0160684 0.0160623 0.0160563 0.016078 0.0160719 0.0160799 0.0160738 0.0160678 0.0160617 
0.0160557 0.0160497 0.0160437 0.0160376 0.0160316 0.0160186 0.016005 0.0160546 0.0160486 0.0160378 0.0160294 0.0160234 0.0160174 0.016018 0.0160239 0.0160179 0.0160058 0.0159944 0.0159821 0.0159712 
0.0159652 0.0159593 0.0159533 0.0159474 0.0159641 0.0159581 0.0159538 0.0159479 0.0159456 0.0159397 0.0159337 0.0159278 0.0159218 0.0159159 0.01591 0.0159515 0.0159456 0.0159322 0.0159263 0.0159653 
0.0159517 0.0159389 0.0159694 0.0159635 0.0159576 0.0159517 0.0159391 0.0159332 0.015921 0.0159151 0.0159093 0.0159034 0.0158976 0.0158861 0.0158803 0.0158744 0.0158686 0.0158621 0.0158562 0.0158488 
0.015843 0.0158371 0.015829 0.0158232 0.0158126 0.0158068 0.015801 0.0157952 0.0157894 0.0157836 0.0157762 0.0157704 0.0157788 0.0157683 0.0157626 0.0157493 0.0157435 0.0157378 0.0157521 0.0159131 
0.0159011 0.016065 0.0160586 0.0160528 0.0160412 0.01603 0.0160241 0.0160111 0.0159992 0.0159933 0.0159875 0.015981 0.016087 0.0160759 0.0160968 0.016091 0.0160843 0.0160784 0.0160726 0.0168562 
0.0170416 0.0170354 0.017023 0.0170168 0.0170107 0.0170485 0.0170682 0.017062 0.0170559 0.0170458 0.0170397 0.0170267 0.0170205 0.0170144 0.0170083 0.0170021 0.016996 0.0169888 0.016976 0.0169626 
0.0169533 0.0169472 0.0169411 0.0169283 0.0169222 0.0169119 0.0169059 0.0168926 0.01688 0.0168665 0.0168582 0.0168451 0.0168391 0.0168331 0.0168502 0.0168368 0.0168365 0.0168305 0.0168245 0.0168172 
0.0168104 0.0168044 0.0167984 0.0167924 0.0167798 0.016791 0.0167792 0.0167732 0.0167673 0.0167613 0.0167553 0.0167428 0.0167368 0.0167309 0.016725 0.0167985 0.0167926 0.0167799 0.0167826 0.0167697 
0.0167637 0.0167651 0.0167592 0.0167512 0.016738 0.0167321 0.0167213 0.0167953 0.0167894 0.0167835 0.0167846 0.0167787 0.0167728 0.0167596 0.0167536 0.0167477 0.0167418 0.0167359 0.0167296 0.0167237 
0.0167113 0.0167055 0.0167005 0.016701 0.0166881 0.01668 0.0166709 0.0166651 0.0166592 0.0167306 0.0167201 0.0167087 0.0166967 0.0166909 0.016685 0.0166781 0.0166723 0.0166664 0.0166606 0.0166548 
0.0166417 0.0166322 0.0166264 0.016618 0.0166084 0.0166026 0.0165968 0.0165911 0.0165853 0.0165734 0.0165619 0.0165561 0.0165498 0.0165401 0.0165343 0.0165219 0.0165161 0.0165104 0.0166147 0.0166089 
0.0166031 0.0165902 0.0165845 0.0165787 0.016573 0.0165672 0.0165573 0.0166075 0.0166018 0.0165953 0.0165895 0.0166129 0.0166071 0.0166014 0.0165957 0.0165869 0.0166045 0.0165949 0.0165892 0.0165835 
0.0165777 0.01657 0.0165643 0.0165586 0.0165529 0.0165449 0.0165321 0.0165376 0.0165319 0.0165262 0.0165157 0.0165043 0.0164978 0.0164921 0.0164826 0.0164769 0.0164713 0.0164605 0.0164548 0.0164492 
0.0164436 0.016431 0.0164343 0.0164217 0.0164161 0.0164105 0.0164049 0.0163935 0.0163876 0.0163994 0.0163938 0.0163882 0.0163781 0.0163725 0.0163669 0.0163614 0.0163558 0.0163502 0.0163432 0.0163331 
0.0163611 0.0163859 0.0165153 0.0165068 0.0165011 0.0165938 0.0165882 0.0165826 0.0165731 0.0165675 0.0165562 0.0165506 0.0165421 0.0165385 0.0165504 0.0165552 0.0165463 0.0165407 0.0165346 0.016529 
0.016517 0.0165114 0.0165016 0.0164953 0.0164898 0.0164842 0.0164787 0.0164731 0.0164676 0.016462 0.0164565 0.016451 0.0164397 0.0164342 0.0164264 0.0164209 0.0164154 0.0164099 0.0164044 0.016396 
0.0163905 0.0164026 0.0163971 0.0163916 0.0163841 0.0163786 0.0163731 0.0163677 0.0163622 0.0164125 0.016407 0.0164015 0.0163903 0.0163848 0.0163744 0.0163689 0.0163635 0.016352 0.0163465 0.0163411 
0.0163943 0.0163842 0.0163719 0.0163633 0.0163578 0.0163524 0.0163407 0.0163353 0.0163298 0.0163217 0.0163528 0.0163448 0.0163394 0.0163273 0.0163231 0.0163109 0.0163325 0.0163279 0.016317 0.0163116 
0.0163062 0.0163009 0.0162955 0.0162901 0.0162815 0.0162761 0.0162708 0.01626 0.0162479 0.0162425 0.016263 0.0162559 0.0162478 0.0162372 0.0162318 0.0162554 0.0162501 0.0162431 0.0162378 0.0162324 
0.0162271 0.0162259 0.0162206 0.0163148 0.0163094 0.0163041 0.0162987 0.0162931 0.0162821 0.0162768 0.0162655 0.0162602 0.0162549 0.0162479 0.016238 0.0162327 0.0162274 0.0162221 0.0162168 0.0162056 
0.0162003 0.0161928 0.0161875 0.0161822 0.0161769 0.0161714 0.0161594 0.0161541 0.0161489 0.0161379 0.01613 0.0162364 0.0162312 0.0162192 0.0162139 0.0164801 0.0164688 0.0164615 0.0164561 0.0164508 
0.016439 0.0164381 0.0164264 0.0164211 0.0164124 0.0164004 0.0163927 0.0163827 0.0163774 0.0163721 0.0163668 0.0163615 0.0163563 0.016351 0.0163457 0.0163404 0.0163351 0.0163299 0.0163183 0.0163064 
0.0163011 0.0162959 0.0162906 0.0162854 0.0162801 0.0162736 0.0162683 0.0162565 0.0162513 0.0162461 0.0162343 0.0162421 0.0162316 0.0162264 0.0162212 0.016216 0.0162042 0.0161924 0.0161872 0.016182 
0.0161769 0.016171 0.0161658 0.0161589 0.0161537 0.0161823 0.016179 0.0161693 0.0161577 0.0161494 0.0161409 0.0161357 0.0161306 0.0161255 0.0161203 0.0161152 0.01611 0.0161049 0.0160998 0.0160944 
0.0160841 0.0160759 0.0160685 0.0160881 0.0160815 0.0160764 0.0161364 0.0161274 0.0161201 0.016115 0.0161035 0.0160984 0.0160933 0.0160821 0.0160707 0.0161022 0.0161211 0.0161127 0.0161076 0.0161004 
0.0160899 0.0160848 0.0160871 0.0160768 0.0160662 0.0160611 0.0160561 0.016051 0.016046 0.0160397 0.0160346 0.0160296 0.0160245 0.0160195 0.0160144 0.0160086 0.0160036 0.0159986 0.0160287 0.0160236 
0.0160186 0.0160136 0.0160461 0.016041 0.016036 0.0161032 0.0160941 0.0160831 0.0160781 0.016067 0.0160556 0.0160506 0.0160402 0.0160352 0.0160302 0.0160206 0.0160156 0.0160106 0.0159999 0.0159901 
0.0159851 0.0159763 0.0159726 0.0159631 0.0159582 0.0159671 0.0159621 0.0159875 0.0159825 0.0159714 0.0159664 0.0159655 0.0159605 0.0159556 0.0159506 0.0159456 0.0159407 0.0159344 0.0159295 0.0159245 
0.015916 0.015911 0.015901 0.0158961 0.0158905 0.0158855 0.0158758 0.0158709 0.015866 0.0158611 0.0159206 0.0161268 0.0161218 0.0161168 0.0161057 0.0160945 0.0160875 0.0160766 0.0160682 0.0160633 
0.0160583 0.016073 0.0160681 0.0160631 0.0160522 0.0160473 0.0160424 0.0160374 0.0161686 0.0161636 0.0168253 0.0168201 0.0168149 0.0168203 0.0168088 0.0167973 0.0167921 0.0167835 0.0167783 0.0167721 
0.016767 0.016849 0.0168438 0.0168345 0.0168294 0.0168207 0.0168155 0.0168104 0.0168052 0.0168001 0.016792 0.0168407 0.0168305 0.0168254 0.0168139 0.0168088 0.0168261 0.0170479 0.0170389 0.0170337 
0.0170517 0.0170465 0.0170413 0.0170363 0.0170311 0.0170259 0.0170207 0.0170156 0.0170061 0.017001 0.0169958 0.0169872 0.0169821 0.0169707 0.0169739 0.0169688 0.0169636 0.0169585 0.0169533 0.0169482 
0.016937 0.0169388 0.0169336 0.0169285 0.0169181 0.0169091 0.0168989 0.0169595 0.0169543 0.0169492 0.0169441 0.016939 0.0169339 0.0169254 0.016917 0.0169119 0.016904 0.0168961 0.016891 0.0168859 
0.0168808 0.0168758 0.0168707 0.0168597 0.0168488 0.0168807 0.01694 0.0169349 0.0169298 0.0169188 0.0169137 0.0169086 0.0169036 0.0168923 0.0168873 0.0168822 0.0168772 0.0168721 0.0168658 0.0168608 
0.0168558 0.0168507 0.0168702 0.0168652 0.0168554 0.0168477 0.0168734 0.0168673 0.0168623 0.0168515 0.0168405 0.0168348 0.0168263 0.0168311 0.0168261 0.0168211 0.0168161 0.016811 0.016806 0.016801 
0.016796 0.0167911 0.0167799 0.0167692 0.0167695 0.0167613 0.0167563 0.0167452 0.0167402 0.0167352 0.0167303 0.0167253 0.0167194 0.0167145 0.0167064 0.0166959 0.0166909 0.016686 0.0166811 0.0166761 
0.0166712 0.0166663 0.0166614 0.0166564 0.0166467 0.0166418 0.0166327 0.0166278 0.0166229 0.0166134 0.0166068 0.0166019 0.0165918 0.0165869 0.016582 0.016779 0.0167741 0.0167692 0.0167642 0.0167593 
0.0167495 0.0167446 0.0167397 0.0167347 0.0167298 0.0167249 0.0167186 0.0167137 0.0167076 0.0167271 0.0167162 0.0167054 0.0166945 0.0166858 0.0166809 0.016676 0.0166712 0.0166663 0.0166614 0.0166522 
0.0166474 0.0166425 0.0167309 0.016726 0.0167211 0.0167162 0.0167065 0.0167016 0.0166982 0.0166916 0.016683 0.0166754 0.0166674 0.0166625 0.0166577 0.0166528 0.0166447 0.0166367 0.016626 0.0166212 
0.0166146 0.0166098 0.0166049 0.0166001 0.0165953 0.0165847 0.0165799 0.0165751 0.0165703 0.0165655 0.0165571 0.0165506 0.0165959 0.0165939 0.0165859 0.0165811 0.0165763 0.0165715 0.0165647 0.0165577 
0.0165788 0.016574 0.0165684 0.0165636 0.0165588 0.0165541 0.0165493 0.016543 0.0165324 0.0165226 0.0165178 0.0165131 0.0165083 0.0165008 0.0164959 0.0164852 0.0164805 0.0164733 0.0164627 0.016458 
0.0165225 0.0165176 0.0165129 0.0165082 0.0165034 0.0164987 0.0164916 0.016481 0.0164833 0.0165454 0.0165407 0.0165359 0.0165312 0.0165265 0.0165218 0.0165123 0.0165076 0.016499 0.0164884 0.0164837 
0.0164741 0.0164772 0.0164706 0.0164659 0.0164553 0.0164506 0.0164459 0.0164394 0.0164347 0.0164301 0.0164254 0.0167111 0.0167064 0.0166986 0.0166882 0.0166834 0.0166728 0.016668 0.0166633 0.0167475 
0.0167428 0.0167803 0.0167718 0.0167642 0.0167594 0.016752 0.0167472 0.0167425 0.0167378 0.016733 0.0167283 0.0167235 0.0167188 0.0167093 0.016705 0.0167002 0.0166955 0.0168561 0.016846 0.0168403 
0.0168355 0.0168292 0.0168244 0.016815 0.0168064 0.0168017 0.0167927 0.0167879 0.0167832 0.0167785 0.0167681 0.0167634 0.016753 0.0167483 0.0167436 0.0167343 0.0167296 0.0167249 0.0167202 0.0167341 
0.016726 0.0167161 0.0167344 0.0167297 0.0167222 0.0167122 0.0167982 0.0167905 0.0167858 0.016786 0.0167766 0.0168209 0.0168118 0.0168067 0.0167989 0.0167923 0.0167876 0.0168093 0.0168128 0.0168081 
0.0168034 0.0167987 0.016794 0.0168943 0.0168838 0.0168782 0.0168939 0.0168892 0.0168807 0.016876 0.0168695 0.0168595 0.0168548 0.0168501 0.0168397 0.0168293 0.0168299 0.0168268 0.0168228 0.0168124 
0.016802 0.0167974 0.0168017 0.016797 0.0167924 0.0168005 0.0168895 0.0168822 0.0168775 0.0168672 0.0168767 0.0168666 0.016857 0.0168523 0.0168425 0.0168378 0.0168505 0.0168458 0.0168412 0.0168365 
0.0168319 0.0168272 0.0168173 0.0168126 0.016808 0.0168033 0.0167987 0.0167933 0.0167887 0.016784 0.0167763 0.0167772 0.0167726 0.0167679 0.0167594 0.0167548 0.0167502 0.0167456 0.0169392 0.0169291 
0.0169244 0.0169198 0.0169152 0.0169105 0.0169303 0.0169257 0.0169153 0.0169107 0.0169061 0.0168989 0.0168943 0.0168896 0.0168839 0.0168793 0.0168696 0.0168627 0.016858 0.0168485 0.0168392 0.0168318 
0.0168272 0.0168192 0.0168146 0.0168085 0.016804 0.0167946 0.0167901 0.0167855 0.016777 0.0167669 0.0167623 0.0167578 0.0167503 0.016741 0.0167365 0.0167621 0.0168062 0.0167999 0.0167953 0.0167908 
0.0167825 0.0167779 0.0167734 0.0167657 0.0167612 0.0167596 0.0167495 0.0167948 0.0167903 0.0167857 0.0167812 0.0167721 0.0167621 0.0167543 0.0167498 0.0167453 0.0167407 0.0167337 0.0167243 0.0167697 
0.0167652 0.0167589 0.0167544 0.016749 0.0167445 0.0167361 0.0167261 0.0167203 0.0167215 0.016717 0.0167124 0.0167079 0.0167033 0.0166988 0.0167034 0.016696 0.0166915 0.016685 0.0166821 0.0166776 
0.0166676 0.0166583 0.0166538 0.016648 0.0166436 0.0166342 0.0166297 0.0166252 0.0166947 0.0166902 0.0166857 0.0166812 0.0166716 0.0166672 0.0166627 0.0166578 0.0166534 0.0166515 0.0166415 0.016637 
0.0166275 0.0166231 0.0166134 0.0166035 0.0165991 0.0165929 0.0165885 0.0165841 0.0165797 0.0165753 0.0165654 0.016561 0.0165566 0.0165522 0.0165478 0.0165405 0.0165361 0.0165282 0.0165239 0.0165195 
0.0165151 0.0165078 0.0165034 0.016499 0.0164895 0.0164851 0.0164808 0.0164764 0.016472 0.0164677 0.0164633 0.0164589 0.0164546 0.0164502 0.0164458 0.0164415 0.0164371 0.0164328 0.0164284 0.0164241 
0.0164198 0.0164154 0.0164107 0.016403 0.0163977 0.0163934 0.0163891 0.0163847 0.0163804 0.0163761 0.0163805 0.0163762 0.0163702 0.0163898 0.0163812 0.0163769 0.0163726 0.0163683 0.0163633 0.016359 
0.0163513 0.0163415 0.0163372 0.0163329 0.0163286 0.0163244 0.0163182 0.0163132 0.0163089 0.0162997 0.0162954 0.0162876 0.0162834 0.016276 0.0162666 0.0162598 0.0162532 0.016245 0.0162407 0.0162365 
0.0162322 0.016228 0.0162205 0.0162109 0.0162066 0.0162024 0.0161982 0.0161939 0.0161897 0.016181 0.016172 0.016166 0.0161618 0.0161576 0.0161864 0.0161822 0.016178 0.0161912 0.016187 0.016217 
0.0162128 0.0162085 0.0162043 0.0162001 0.0161937 0.0162526 0.0162484 0.0162394 0.0162301 0.0162259 0.0162217 0.0162156 0.0162114 0.0162072 0.0162 0.0161957 0.0161886 0.0161792 0.016175 0.0162289 
0.0162247 0.0162165 0.0162082 0.0163159 0.0163116 0.0163082 0.0163039 0.0163227 0.0163185 0.0163188 0.0163145 0.0163103 0.0163061 0.0163019 0.0162977 0.0162935 0.0162893 0.0162861 0.0162819 0.016273 
0.0162688 0.01626 0.0162505 0.0162463 0.0162375 0.0162333 0.0162291 0.0162249 0.0162208 0.0162232 0.0162176 0.0162093 0.0162009 0.0161925 0.0161884 0.0161818 0.0161776 0.0161735 0.0162121 0.0162104 
0.0162062 0.016202 0.0161929 0.0161888 0.0161846 0.0161805 0.0161763 0.0161704 0.0161663 0.0161569 0.0161528 0.0161437 0.0161346 0.0161304 0.0161256 0.0161215 0.0161174 0.0161133 0.0167674 0.0167631 
0.0167588 0.0167545 0.0167503 0.0167415 0.0167361 0.0167318 0.0167568 0.0167523 0.0167478 0.0167436 0.0167349 0.0167307 0.0167264 0.016717 0.0167127 0.0167051 0.0166956 0.0166903 0.0166812 0.016677 
0.0166728 0.0166715 0.0166673 0.0166631 0.0166588 0.0166521 0.0166479 0.0166437 0.0166395 0.0166302 0.0166208 0.0166166 0.0166074 0.0166032 0.016599 0.0165948 0.0165906 0.0166411 0.0166369 0.0166327 
0.0166234 0.0166936 0.0166893 0.0166837 0.0166795 0.0166701 0.0166659 0.01666 0.0166558 0.0166516 0.0166455 0.0166391 0.0166349 0.0166307 0.0166265 0.0166176 0.0166134 0.0166092 0.0166051 0.0166009 
0.0165916 0.0165874 0.0165827 0.0165785 0.0165744 0.0165702 0.016566 0.0165619 0.0165577 0.0166862 0.016682 0.0166778 0.0166711 0.0167245 0.0167192 0.016715 0.0167109 0.0167022 0.016698 0.0166938 
0.0166897 0.0166929 0.0166887 0.0167142 0.01671 0.0167006 0.0166965 0.0166923 0.0166837 0.0166795 0.0166753 0.0166712 0.0166638 0.0166597 0.0166504 0.0166454 0.0167556 0.0167514 0.0167472 0.0167431 
0.0167389 0.0167481 0.0167439 0.0167397 0.0167354 0.0167313 0.0167271 0.0167199 0.0167158 0.0167149 0.0167107 0.0167015 0.0166948 0.0166893 0.0166852 0.0166811 0.0166769 0.0166728 0.0166652 0.0166611 
0.016657 0.0166528 0.0166487 0.0166436 0.0166395 0.0166353 0.0166312 0.0166271 0.0166195 0.0166154 0.0166113 0.0166025 0.0166045 0.0166004 0.0165963 0.0165891 0.016585 0.0165809 0.0165769 0.0165698 
0.0165657 0.0166063 0.0166051 0.016601 0.0165969 0.0165922 0.0165837 0.0165796 0.0165755 0.0165714 0.0165674 0.0165586 0.0165545 0.0165504 0.0165438 0.0165362 0.0165272 0.0165232 0.016538 0.016534 
0.0165299 0.0165787 0.0165697 0.016561 0.0165981 0.0165891 0.0166044 0.0166022 0.0166073 0.0165982 0.0165941 0.0165863 0.0166387 0.0166347 0.0166269 0.0166216 0.0166176 0.0166093 0.0166057 0.0166299 
0.0166259 0.0166218 0.0166155 0.0166631 0.0166543 0.0166485 0.0166444 0.0166404 0.0166363 0.0166365 0.0166286 0.0166205 0.0166164 0.0166074 0.0166033 0.0165993 0.0165953 0.0166035 0.0166028 0.0166025 
0.0165987 0.0165911 0.016587 0.016583 0.0165789 0.0165757 0.0165717 0.0165676 0.0165636 0.0165582 0.0165542 0.0165502 0.0165412 0.0165351 0.0165311 0.0165223 0.0165183 0.0165884 0.0165844 0.0165781 
0.0165741 0.0165669 0.0165629 0.0165589 0.0165549 0.0165509 0.0165446 0.0165375 0.0165335 0.0165295 0.0165206 0.0165166 0.0165115 0.0165075 0.0165029 0.0164989 0.016495 0.016491 0.016487 0.0166896 
0.0166833 0.0166793 0.0166703 0.0166663 0.0166623 0.0166583 0.0166543 0.0166481 0.0166398 0.0167466 0.0167426 0.0167405 0.0167365 0.0167324 0.0167284 0.0167244 0.0167204 0.0167164 0.0167099 0.0167059 
0.0166976 0.0166896 0.0167845 0.0167804 0.0167762 0.0167683 0.0167593 0.0167538 0.0167498 0.0167408 0.0167369 0.0167317 0.0167277 0.0167237 0.016717 0.016713 0.016709 0.016705 0.0166961 0.0166922 
0.0166882 0.0166798 0.0166759 0.0166719 0.0166679 0.0166596 0.0166557 0.0166517 0.0166435 0.0166618 0.0166542 0.0166459 0.0166703 0.0166663 0.0166624 0.0166584 0.0166666 0.0166593 0.0166504 0.0167224 
0.0167185 0.0167145 0.0167096 0.016703 0.0166944 0.0166904 0.0166835 0.0166795 0.0166709 0.016667 0.016663 0.0166698 0.0166659 0.0166619 0.016658 0.0166537 0.0166497 0.0166458 0.0166371 0.0166331 
0.0167487 0.0167448 0.0168251 0.0168211 0.0168171 0.0168132 0.0168092 0.0168053 0.0168421 0.0168338 0.0168299 0.0168259 0.0168217 0.0168178 0.01681 0.0168018 0.0167978 0.0167939 0.01679 0.016786 
0.0167829 0.0167789 0.016774 0.0167701 0.0167662 0.0167602 0.0167563 0.0167524 0.0167484 0.0167445 0.0167362 0.0167411 0.0167366 0.0167327 0.0167288 0.0167248 0.0167209 0.016717 0.0167131 0.0167052 
0.0167013 0.0166966 0.0166927 0.0166888 0.0166801 0.0166762 0.0167322 0.0167236 0.016719 0.0167151 0.0167112 0.0167073 0.0166998 0.0166946 0.0166875 0.0166983 0.0166917 0.0166868 0.0166829 0.0166743 
0.0166657 0.0166618 0.016658 0.016652 0.0166441 0.0166402 0.0166353 0.0166285 0.0166218 0.016618 0.0166139 0.0166101 0.0166062 0.0166024 0.0165985 0.0165947 0.0165908 0.0165923 0.0165885 0.0165846 
0.0165774 0.0165736 0.0165697 0.0165618 0.0165707 0.0165668 0.0165594 0.0165508 0.016547 0.0165432 0.0165394 0.0165353 0.0165315 0.0165277 0.0165225 0.016514 0.0165097 0.0165064 0.0165026 0.0164974 
0.0164936 0.0164898 0.0164832 0.0164794 0.0164756 0.0164718 0.0164664 0.01646 0.01647 0.0164621 0.0164583 0.0164545 0.0164507 0.0165504 0.0165466 0.0165428 0.0165363 0.0165325 0.0165247 0.0165192 
0.0165136 0.0165058 0.0165021 0.0165093 0.0165014 0.0164977 0.0164939 0.0164901 0.0164863 0.0164826 0.0164761 0.016471 0.0164672 0.0164634 0.0164551 0.0164513 0.0164476 0.0164438 0.016439 0.0164353 
0.0164315 0.0164297 0.0164212 0.0164175 0.0164137 0.0164346 0.0164308 0.0164247 0.0164167 0.0164199 0.0164162 0.0164105 0.0164068 0.0164024 0.0163996 0.016394 0.0163902 0.0163865 0.0163828 0.016394 
0.0163858 0.0163888 0.0163851 0.0163814 0.0163776 0.0163739 0.0163702 0.0163968 0.0163931 0.0165268 0.0165231 0.0165158 0.0165121 0.0165083 0.0165046 0.0164978 0.016494 0.0164885 0.0165153 0.0165081 
0.0165002 0.0165038 0.0165001 0.0166384 0.0166347 0.0166309 0.0166272 0.0166196 0.0166129 0.016609 0.0166053 0.0165998 0.016596 0.0166043 0.0166005 0.0165968 0.016593 0.0165868 0.0165816 0.0165779 
0.0165742 0.0165704 0.0165621 0.0165543 0.0165472 0.0165388 0.0167079 0.0167042 0.0166963 0.0166926 0.0166888 0.0166851 0.0166806 0.0166768 0.016673 0.0166692 0.0166627 0.0166551 0.0166514 0.0166477 
0.0166439 0.0166402 0.0166362 0.0166307 0.0166349 0.0166636 0.0166598 0.016653 0.0166493 0.0166474 0.0166437 0.01664 0.0166363 0.0166325 0.0166242 0.0166169 0.0166132 0.0166071 0.0165998 0.0165961 
0.0165918 0.0165881 0.0165844 0.0165807 0.0165724 0.0165687 0.0165625 0.016565 0.0165574 0.0165523 0.0165459 0.0165422 0.0165385 0.0165349 0.0165271 0.0165324 0.0165275 0.0165234 0.0165163 0.0165127 
0.0165044 0.0165007 0.0164971 0.0164934 0.0164898 0.0165942 0.0165995 0.0165941 0.0165885 0.0165867 0.016583 0.0165759 0.0166946 0.0166909 0.0166859 0.0166776 0.0166739 0.0166702 0.0166665 0.0166628 
0.0166551 0.0166514 0.0166477 0.016644 0.0166403 0.0166367 0.0166299 0.0166262 0.016619 0.0166563 0.0166526 0.016666 0.0166604 0.0166567 0.016653 0.0166493 0.0166412 0.016663 0.0166558 0.0166522 
0.0166485 0.0166448 0.0166412 0.0166375 0.0166311 0.0166275 0.0166238 0.0166201 0.0166165 0.0166128 0.0166092 0.0166055 0.0166019 0.0165983 0.0165946 0.016591 0.0166002 0.0165966 0.0165886 0.016585 
0.0165796 0.0165759 0.0165687 0.0165651 0.0165612 0.0165576 0.016554 0.0166252 0.016618 0.0166144 0.0166107 0.0166071 0.0166035 0.0165954 0.0165917 0.016614 0.0166103 0.0166067 0.0165988 0.0165952 
0.0165915 0.0165879 0.0168569 0.0168532 0.0168708 0.0168667 0.016863 0.0168593 0.0168557 0.016852 0.0168477 0.0168564 0.0168527 0.016849 0.0168484 0.0168419 0.0168382 0.0168346 0.0168309 0.0168272 
0.0168191 0.0168146 0.0168109 0.0168073 0.0168037 0.0168 0.0167964 0.0167927 0.0167889 0.0168255 0.0168219 0.0168182 0.0168146 0.016811 0.0168029 0.0167993 0.0167914 0.0167878 0.0167802 0.0167766 
0.0167702 0.0167644 0.0167596 0.016756 0.0167479 0.0167443 0.0167407 0.0167371 0.0167335 0.0167441 0.0167404 0.0167368 0.0167332 0.0167296 0.016726 0.0167224 0.0167147 0.0167372 0.0167335 0.0167286 
0.016725 0.0167214 0.0167178 0.0167142 0.0167106 0.0167047 0.0167011 0.0166975 0.0166916 0.016688 0.0166956 0.0166876 0.0166799 0.0166764 0.0166722 0.0166686 0.016665 0.0166653 0.0166579 0.0166544 
0.0166469 0.0166433 0.0166398 0.0166362 0.01663 0.0166264 0.0166226 0.0166181 0.0166145 0.0166109 0.0166038 0.0165979 0.0165918 0.0165844 0.0165872 0.0165836 0.0165798 0.0165763 0.0165727 0.0165692 
0.0165657 0.0165577 0.0165512 0.0165477 0.0165441 0.0165368 0.0165332 0.0165297 0.0165218 0.0165318 0.016525 0.0165215 0.0166271 0.0166337 0.0166301 0.0166266 0.016623 0.0166195 0.016616 0.0166082 
0.0166047 0.0166004 0.0165969 0.0165934 0.0165898 0.0165863 0.016579 0.0165802 0.0165766 0.0166315 0.0166268 0.0166477 0.0166442 0.0166408 0.0166373 0.0166338 0.0166302 0.0166283 0.0166248 0.0166194 
0.0166159 0.0166123 0.0166088 0.0166048 0.0166013 0.0165965 0.016593 0.0165861 0.0165826 0.0165791 0.0165756 0.0165721 0.0165648 0.016585 0.0165775 0.016574 0.0165705 0.016567 0.0165635 0.0165561 
0.0165526 0.016545 0.016541 0.0165357 0.0165328 0.016526 0.0165225 0.016515 0.0165116 0.0165095 0.016506 0.0164985 0.016495 0.0164894 0.0164835 0.0164766 0.0164731 0.0164737 0.0164702 0.0164626 
0.0164592 0.0164522 0.0164487 0.0164452 0.0164413 0.0164378 0.0164344 0.0164309 0.0164275 0.0164224 0.0164148 0.0164114 0.0164079 0.0164045 0.0164011 0.0164861 0.0164799 0.0164808 0.0166162 0.016623 
0.016617 0.0166276 0.0166381 0.0166346 0.0166638 0.0166603 0.0166568 0.0166515 0.0167584 0.0167549 0.0167473 0.0167431 0.0167354 0.0167319 0.0167589 0.0167516 0.0167456 0.0167421 0.0167387 0.0167352 
0.0167317 0.0167282 0.0167247 0.0167212 0.0167153 0.0167119 0.0167084 0.0167049 0.0167014 0.0166942 0.0166865 0.0166792 0.0166729 0.016811 0.0168075 0.0167999 0.0167964 0.0167929 0.0167894 0.016786 
0.0167825 0.016779 0.0167755 0.0167721 0.0167686 0.0167919 0.0167855 0.0167907 0.0169652 0.0169617 0.0169824 0.0169746 0.0169668 0.0169625 0.0169589 0.0169554 0.0169972 0.0169937 0.0169902 0.016985 
0.0169815 0.0170167 0.0170132 0.0170097 0.017004 0.0169967 0.0169932 0.0169919 0.0169845 0.0169783 0.0169722 0.0169687 0.0169652 0.0169617 0.0169593 0.0169558 0.0169523 0.0169448 0.0169413 0.0169346 
0.0169285 0.016925 0.0169442 0.0169365 0.0169331 0.0169263 0.0169228 0.0169193 0.016912 0.0169085 0.0169113 0.0169045 0.016901 0.0168976 0.0169013 0.0168978 0.0168921 0.0169521 0.0169478 0.01694 
0.0169337 0.0169275 0.016922 0.0169154 0.016912 0.0169085 0.016905 0.0169915 0.016988 0.0169846 0.0169811 0.0169776 0.0170039 0.0169974 0.0169939 0.0169901 0.0169838 0.0169804 0.0169734 0.0169699 
0.0169625 0.0169549 0.0169515 0.016948 0.0169557 0.0169523 0.0170134 0.0170099 0.0170065 0.017003 0.0169975 0.0170276 0.0170242 0.0170207 0.017069 0.0170655 0.0170581 0.0170546 0.0170512 0.0170437 
0.0170403 0.0170368 0.0170334 0.0170299 0.0170516 0.0170448 0.0170414 0.0170727 0.0170692 0.0170617 0.0170582 0.0170547 0.0170513 0.0170438 0.0170404 0.0170369 0.0170307 0.0170273 0.0170256 0.0170416 
0.0170364 0.0170291 0.0170223 0.0170147 0.0170112 0.0170078 0.0170003 0.0170206 0.0170171 0.0170132 0.0170098 0.0170031 0.0169996 0.0169962 0.0169905 0.0169829 0.0170933 0.0170899 0.0170842 0.0170802 
0.0170768 0.0170719 0.0170684 0.0170618 0.0170557 0.0170483 0.017043 0.0170396 0.0170362 0.0170328 0.0170293 0.0170258 0.0170224 0.017019 0.0170156 0.0170082 0.0170007 0.0170101 0.0170066 0.0169994 
0.0169959 0.0169884 0.016985 0.0169816 0.0169775 0.0169704 0.016967 0.0169604 0.016957 0.0169503 0.0169469 0.0169406 0.0169372 0.0169331 0.0169297 0.0169263 0.0169229 0.0169195 0.0169161 0.0169127 
0.0169094 0.0169018 0.0168985 0.0168932 0.0168898 0.0168864 0.0168913 0.0168842 0.0168768 0.01687 0.0168659 0.0168625 0.0168572 0.0168538 0.0168504 0.016849 0.0168433 0.0168398 0.0168365 0.0168308 
0.0168274 0.016864 0.0168607 0.0168573 0.016854 0.0168506 0.0168473 0.0168439 0.0168406 0.0168372 0.0168328 0.0168284 0.016821 0.0168176 0.0168127 0.0168094 0.0168738 0.0168705 0.0168671 0.0168638 
0.0168604 0.0168882 0.016881 0.0168744 0.0168781 0.0168748 0.0168714 0.0168681 0.0168607 0.0168566 0.0168515 0.0168596 0.0168563 0.0168512 0.0168479 0.0168419 0.0168368 0.0168335 0.0168302 0.0168268 
0.0168229 0.0168416 0.0168383 0.016831 0.0168453 0.016842 0.0168387 0.0168354 0.016832 0.0168259 0.0168221 0.0168188 0.0168155 0.0168122 0.0168089 0.0168028 0.0167995 0.0167962 0.0167952 0.0167919 
0.0167886 0.016796 0.0167893 0.016786 0.0167812 0.0167902 0.0167869 0.0168269 0.0168236 0.0168203 0.016817 0.0168137 0.016807 0.0168017 0.0167984 0.0167951 0.0167879 0.0167846 0.0167839 0.0167803 
0.016777 0.0167737 0.0167704 0.0168266 0.0168233 0.016816 0.0168156 0.0168123 0.0168066 0.0168015 0.0168076 0.0168011 0.0167978 0.0167926 0.0167882 0.0167849 0.0167816 0.0167783 0.0167751 0.016768 
0.0167647 0.0167579 0.016754 0.0167467 0.0167426 0.0167384 0.0167351 0.0167289 0.0167219 0.0167161 0.0167128 0.0167096 0.0167063 0.0167031 0.0166998 0.0166966 0.0166933 0.0167172 0.0167417 0.0167353 
0.016732 0.0167288 0.0167255 0.0167223 0.016719 0.0167158 0.0167125 0.0167093 0.0167153 0.0167121 0.016821 0.0168177 0.0168144 0.0168076 0.0168024 0.0167991 0.0167919 0.0167887 0.0167854 0.0167784 
0.0168237 0.0168205 0.0168172 0.016814 0.0168248 0.0168216 0.0168165 0.0168129 0.0168107 0.0168074 0.0168042 0.0168009 0.0167938 0.0167906 0.0167857 0.0167824 0.0167792 0.0167759 0.0167695 0.0167663 
0.016763 0.0167593 0.0167561 0.0167651 0.0167581 0.0167548 0.0167516 0.0167446 0.0167411 0.0167369 0.0167337 0.016727 0.0167238 0.0167358 0.0169258 0.0169225 0.016917 0.0171159 0.0171127 0.0171094 
0.0171086 0.0171053 0.017102 0.0170952 0.0170919 0.0170887 0.0170854 0.0170821 0.0170751 0.0170718 0.0170648 0.0171194 0.0171161 0.0171089 0.0171056 0.0171023 0.0171032 0.0170999 0.0170966 0.0170928 
0.0170871 0.0170838 0.0170806 0.0170773 0.017074 0.0170708 0.0170669 0.0170636 0.0170603 0.0170571 0.0170526 0.017046 0.0170427 0.0170359 0.0170327 0.0170314 0.0170282 0.017027 0.0170261 0.0170193 
0.0170124 0.0170085 0.0170296 0.0170241 0.0170209 0.0170151 0.017015 0.0170118 0.0170085 0.0170163 0.0170091 0.0170019 0.0169987 0.0170548 0.0170503 0.017047 0.0170438 0.0170367 0.0170334 0.0170302 
0.0170515 0.0170447 0.0170415 0.0170345 0.0170312 0.017028 0.0170247 0.0170215 0.01706 0.0170531 0.0170499 0.0170458 0.0170386 0.0170354 0.017032 0.0170274 0.0170251 0.0170219 0.0170161 0.0170129 
0.0170097 0.0170029 0.0170068 0.0170036 0.0170004 0.0169972 0.016994 0.0169953 0.0169921 0.0169889 0.0169857 0.0169807 0.0169775 0.0169743 0.0169673 0.0169641 0.0169609 0.0169538 0.0169506 0.0170007 
0.0169975 0.0169925 0.0169893 0.0169857 0.0169825 0.0169779 0.0169747 0.0169715 0.0169645 0.0169613 0.0169585 0.016954 0.0169509 0.0170551 0.017049 0.0170457 0.0170425 0.0170457 0.0170423 0.017039 
0.0170322 0.0170287 0.0170255 0.0170223 0.0170191 0.0170159 0.0170127 0.0170167 0.0170135 0.0170084 0.0170052 0.017002 0.0169957 0.0169926 0.0169894 0.0170047 0.0170015 0.0169947 0.0169915 0.0169861 
0.0169829 0.0169759 0.0169727 0.016968 0.0169648 0.0169605 0.0169573 0.0169506 0.0169475 0.0169405 0.0169373 0.0169342 0.016931 0.0169278 0.0169225 0.0170287 0.0170237 0.0170205 0.0170138 0.0170107 
0.0170075 0.0170043 0.0169979 0.0169913 0.0169881 0.016984 0.0169808 0.0169776 0.0169723 0.0169692 0.016966 0.0169628 0.0169597 0.0169565 0.0169874 0.0169842 0.0169773 0.0169706 0.0169675 0.0169664 
0.0170223 0.0170172 0.0170141 0.0170109 0.0170098 0.0170066 0.0170035 0.0169969 0.0169937 0.0169873 0.016983 0.0169798 0.0170303 0.0170271 0.0170201 0.017017 0.0170138 0.0170078 0.0170046 0.0170015 
0.0169983 0.0169986 0.0169955 0.0169923 0.0169856 0.0169824 0.0169781 0.0169716 0.0169684 0.0169653 0.0169583 0.0169521 0.0169482 0.0169451 0.0169525 0.0169494 0.0169463 0.0169432 0.0169362 0.0169331 
0.01693 0.0169269 0.0169221 0.0169637 0.0169606 0.0170245 0.017019 0.0170159 0.0170113 0.0170081 0.017005 0.0169982 0.0169951 0.0169919 0.0169882 0.0169851 0.0169782 0.0169728 0.0169697 0.0169666 
0.0169634 0.0169603 0.0169547 0.0169483 0.0169436 0.0169405 0.0169374 0.0169324 0.0169272 0.0169241 0.0169185 0.0169118 0.0169053 0.0169022 0.0168991 0.016896 0.0168929 0.0169153 0.0169353 0.016931 
0.0169243 0.0169203 0.0169137 0.0169069 0.0169006 0.0169128 0.0169298 0.0169263 0.0169253 0.0169222 0.0169158 0.0169113 0.0169083 0.0169046 0.0169043 0.0169013 0.0169059 0.0169471 0.0169405 0.0169339 
0.0169358 0.0169327 0.0169259 0.0169228 0.0169197 0.0169135 0.0169104 0.0169073 0.0169021 0.0168953 0.0168912 0.0169024 0.0168993 0.0168986 0.0168955 0.0168896 0.0168841 0.0168811 0.0170927 0.0170896 
0.0171105 0.0171074 0.0171043 0.0171012 0.0170971 0.0171057 0.0171009 0.0170978 0.0170946 0.0170888 0.0170857 0.0170826 0.0171114 0.0171083 0.0171052 0.0171021 0.017099 0.0170959 0.0170928 0.017086 
0.0170791 0.017076 0.017073 0.0170693 0.0170647 0.0170581 0.0170551 0.0172093 0.017203 0.0171999 0.0172119 0.0172085 0.0172032 0.0172001 0.0171937 0.0171906 0.0171875 0.0171859 0.0171801 0.0172445 
0.0172452 0.0172391 0.017236 0.0172329 0.0172298 0.0172267 0.0172236 0.0172205 0.0172562 0.017251 0.0172478 0.0172625 0.0172573 0.0172537 0.0172469 0.0172438 0.0172407 0.017236 0.0172293 0.0172226 
0.0172195 0.0172164 0.0172133 0.0172097 0.0172066 0.0172035 0.0172004 0.0171973 0.0171942 0.0171911 0.0171881 0.017185 0.0171815 0.0171784 0.0171739 0.0171684 0.0171739 0.0171709 0.0171643 0.0171611 
0.017158 0.0171549 0.0172183 0.0172152 0.0172099 0.0172162 0.0172131 0.0172088 0.0172057 0.0172026 0.0171959 0.0172916 0.0172885 0.0173546 0.0173515 0.0173484 0.0173453 0.0173422 0.0173391 0.0173323 
0.0173695 0.0173664 0.0173633 0.0173587 0.0173519 0.0173472 0.0173425 0.0173409 0.0173378 0.017586 0.0175806 0.0175774 0.0175707 0.0175783 0.0175747 0.0175716 0.0175684 0.0175619 0.0175588 0.0175535 
0.0175472 0.017569 0.0175659 0.0175604 0.0175893 0.0175862 0.017583 0.0176127 0.0176077 0.0176046 0.0176015 0.0175984 0.017676 0.0176721 0.0176689 0.0176658 0.0176606 0.0176575 0.0176543 0.0176512 
0.0176481 0.0176595 0.0176555 0.0176496 0.0176465 0.0176433 0.0176402 0.0176351 0.017632 0.0176289 0.0176258 0.0176226 0.0176195 0.0176164 0.0176104 0.0176073 0.0176042 0.0175988 0.0175923 0.017586 
0.0175792 0.0175741 0.017571 0.0175679 0.0175648 0.0175615 0.0175554 0.0175523 0.0175483 0.0175452 0.0175421 0.017539 0.0175349 0.0175318 0.0175321 0.017529 0.0175259 0.0175228 0.0175182 0.0175138 
0.017507 0.0175039 0.0175009 0.0174942 0.0175147 0.0175116 0.0175085 0.0175055 0.0175024 0.0174957 0.0174926 0.0174859 0.0175209 0.0175178 0.0175147 0.017508 0.017505 0.0174983 0.0175224 0.0175193 
0.0175162 0.0175242 0.0175211 0.0175167 0.0176649 0.0176618 0.0176564 0.0176533 0.0176502 0.0176462 0.0176432 0.0176401 0.017638 0.0176328 0.0176292 0.0176261 0.017623 0.0176199 0.0176145 0.0176114 
0.0176396 0.0176365 0.0176334 0.0176268 0.0176238 0.0176207 0.0176176 0.0176128 0.0176083 0.0176052 0.0176021 0.0175972 0.0175913 0.0175971 0.017594 0.0175909 0.0175879 0.0175848 0.0175783 0.0175753 
0.0175701 0.0175671 0.0175605 0.0175574 0.0175514 0.0175483 0.0175452 0.0175422 0.0175391 0.0175342 0.0175295 0.0175245 0.0175214 0.0175184 0.0175154 0.0175123 0.0175077 0.0175047 0.0174989 0.0174927 
0.0174897 0.0174856 0.0174825 0.0174795 0.0174765 0.0174724 0.017466 0.017463 0.0174584 0.0174553 0.0174493 0.0174463 0.0174433 0.0174411 0.0174372 0.0174327 0.0174296 0.0174231 0.0174201 0.017417 
0.0174114 0.0174084 0.0174054 0.0174024 0.0174386 0.0174356 0.0174303 0.0174251 0.0174221 0.0174191 0.0174161 0.0174131 0.0174101 0.0174071 0.0174041 0.0174631 0.01746 0.017457 0.0174521 0.0174531 
0.0174501 0.0174471 0.0174428 0.0174368 0.0174338 0.0174308 0.0174278 0.0174248 0.017428 0.0174239 0.0174209 0.0174162 0.0174117 0.0174087 0.0174057 0.0174003 0.0173973 0.0173943 0.0173914 0.0173884 
0.0173854 0.0173822 0.0173788 0.0173758 0.0173706 0.0173692 0.0173662 0.0173632 0.0173973 0.0174039 0.017401 0.017398 0.0173961 0.0173932 0.0173867 0.0173837 0.0173772 0.0173743 0.0173698 0.0173668 
0.0173638 0.0173574 0.0173545 0.0173632 0.0173674 0.0173644 0.0174128 0.0174098 0.0174068 0.0174038 0.0174009 0.0173973 0.0173943 0.0173911 0.0173881 0.0173816 0.0173781 0.0173751 0.0173722 0.0173666 
0.0173659 0.0173597 0.017354 0.0173511 0.0173481 0.0173452 0.0173422 0.0173392 0.0173363 0.0173306 0.0173277 0.0173247 0.0173218 0.0173188 0.0173159 0.0173543 0.0173513 0.0173483 0.0173454 0.0173993 
0.0173947 0.0173904 0.0173874 0.0173845 0.0173815 0.0173786 0.0173756 0.0173973 0.0174262 0.0174232 0.0174199 0.0174137 0.0174107 0.0174078 0.0174412 0.0174362 0.0174623 0.0174594 0.0174539 0.0174486 
0.0174724 0.017466 0.017463 0.017458 0.017455 0.017454 0.0174477 0.0174448 0.0174418 0.0174389 0.0174359 0.017433 0.01743 0.0174249 0.0174208 0.0174178 0.0174136 0.0174107 0.0174077 0.0174037 
0.0173973 0.0173944 0.0173899 0.0173838 0.0173808 0.0173765 0.0173736 0.0173707 0.0173656 0.0173611 0.0173582 0.0173553 0.0173523 0.0173494 0.0173465 0.0173436 0.0173406 0.0173377 0.0173345 0.0173607 
0.0173543 0.0173514 0.0173485 0.0173456 0.0173427 0.0173655 0.0173596 0.0173535 0.0173506 0.0173671 0.0173641 0.0173612 0.0173583 0.0173554 0.0173501 0.0173472 0.0173418 0.01738 0.0173739 0.0173677 
0.0173648 0.0173602 0.0173573 0.0173544 0.0173487 0.0173567 0.0173538 0.0173509 0.017348 0.0173451 0.0173422 0.0173377 0.017332 0.0173291 0.0173262 0.0173233 0.0173179 0.0173283 0.0173308 0.0173279 
0.017325 0.0173207 0.0173178 0.0173149 0.017312 0.0173858 0.0173858 0.0173971 0.0173942 0.0173913 0.0173884 0.0173824 0.0173768 0.0173739 0.017371 0.017367 0.0173629 0.01736 0.0173538 0.0173509 
0.017348 0.0173451 0.0173394 0.0173338 0.0173309 0.017328 0.0173219 0.017319 0.0173161 0.0173133 0.0173103 0.0173074 0.0173011 0.0172982 0.0172925 0.0172865 0.0172836 0.0172808 0.0172779 0.0172959 
0.0172898 0.017287 0.0172841 0.0172812 0.0172784 0.0172755 0.0172726 0.0172809 0.017278 0.0172752 0.0172689 0.0172654 0.0172626 0.0172831 0.0172802 0.0172773 0.0172716 0.0172688 0.0172625 0.0172596 
0.0172568 0.0172539 0.0172502 0.0172474 0.0172442 0.0172413 0.0172385 0.0172322 0.0172431 0.0172403 0.0172374 0.0172314 0.0172286 0.017227 0.0172242 0.0172213 0.0172185 0.0172157 0.0172128 0.0172068 
0.0172008 0.0171979 0.0171951 0.017189 0.0171849 0.0171821 0.0171792 0.0171764 0.017177 0.0171875 0.0171847 0.0171796 0.0171906 0.0171878 0.0171829 0.0171801 0.0171772 0.0171716 0.0171688 0.017166 
0.0171631 0.0171622 0.0171594 0.0171532 0.0171504 0.0171476 0.0171434 0.0171383 0.0171355 0.0172697 0.0172669 0.017264 0.0172612 0.017257 0.0172541 0.0172513 0.0172479 0.0172458 0.017243 0.0172402 
0.0172373 0.0172345 0.0172317 0.0172274 0.0172246 0.0172218 0.017219 0.0172137 0.0172109 0.0172101 0.0172073 0.0172021 0.0171993 0.0171965 0.0171904 0.0171876 0.0171848 0.0171924 0.0171863 0.0171835 
0.0171794 0.0171746 0.0171692 0.0171664 0.0171602 0.0171546 0.0171518 0.0171909 0.017188 0.0171852 0.0171814 0.0171753 0.0171725 0.0171697 0.0171669 0.0171641 0.0171613 0.0171785 0.0171757 0.0171699 
0.017164 0.0171612 0.0171584 0.0171556 0.0171519 0.0171491 0.0171645 0.0171617 0.0171564 0.0171536 0.0171508 0.017148 0.0171504 0.0171476 0.0171448 0.017142 0.0171393 0.0171365 0.0171316 0.0171285 
0.0171253 0.0171203 0.0171176 0.0171115 0.0171072 0.0171044 0.0171016 0.0172782 0.0172869 0.0172828 0.01728 0.0172993 0.0172965 0.0172973 0.0172916 0.0172874 0.0172846 0.0172818 0.0172981 0.0172953 
0.0172925 0.0175142 0.0175346 0.0175317 0.0175262 0.0175234 0.0175206 0.0175177 0.017625 0.0176214 0.0176185 0.0176136 0.0176108 0.0176047 0.0176018 0.017599 0.0175962 0.0175933 0.0175905 0.0175876 
0.0175848 0.017582 0.0175791 0.0175763 0.0175702 0.0175673 0.0176132 0.0176104 0.0176075 0.0176041 0.0175981 0.0175952 0.0175903 0.0175874 0.0176175 0.0176146 0.0176118 0.017609 0.0176061 0.0176051 
0.0176463 0.0176513 0.0176456 0.0176427 0.0176399 0.0176339 0.0176311 0.0176283 0.0176254 0.0176226 0.0176198 0.0176169 0.0176141 0.0176113 0.0176085 0.0176048 0.0176027 0.0175989 0.017609 0.0176359 
0.0176331 0.0176303 0.0176275 0.0176246 0.0176218 0.017619 0.0176161 0.0176133 0.0176084 0.0176039 0.0176011 0.0175952 0.0175924 0.0175895 0.0176042 0.0176014 0.0175986 0.0175958 0.017594 0.0175913 
0.0175885 0.0175857 0.0175811 0.0175783 0.0175755 0.0175727 0.0175677 0.0175649 0.0175621 0.0175593 0.0175537 0.0175493 0.0175465 0.0175437 0.0175409 0.0175381 0.0175321 0.0175293 0.0175278 0.017525 
0.0175189 0.017532 0.0175286 0.0175258 0.017523 0.0175202 0.0175175 0.0175147 0.0175119 0.0175091 0.0175044 0.0175016 0.0174988 0.017573 0.0175702 0.0175654 0.0175626 0.0175566 0.0175538 0.017551 
0.0175482 0.0175429 0.0175391 0.0177 0.0176942 0.0176914 0.0176886 0.0176858 0.017683 0.0176802 0.0176774 0.0176713 0.0176657 0.0176612 0.0176555 0.0176527 0.0176466 0.0176438 0.017641 0.0176382 
0.0176354 0.0176315 0.0176287 0.017626 0.0176554 0.0176519 0.0176491 0.0176463 0.0176408 0.017638 0.0176341 0.0176296 0.0176371 0.0176343 0.0176315 0.0176287 0.0176259 0.0176232 0.0176256 0.0176228 
0.0176172 0.0176112 0.0176084 0.0176054 0.0176026 0.017604 0.0176 0.0175948 0.0175946 0.0175918 0.0175859 0.0175831 0.0175774 0.0175747 0.0175719 0.0176551 0.0176517 0.0176487 0.0176459 0.0176418 
0.0176727 0.0176672 0.0176622 0.0176595 0.0176567 0.0176523 0.0176484 0.0176456 0.0176509 0.0176454 0.0176427 0.0176399 0.0176502 0.0177358 0.0177456 0.0177428 0.01774 0.0177343 0.0177315 0.0177288 
0.0177292 0.017724 0.0177213 0.0177185 0.0177157 0.0177122 0.017711 0.0177083 0.0177026 0.0176983 0.0177566 0.0177538 0.0177511 0.0177455 0.0177422 0.0177395 0.0177737 0.0177708 0.0177672 0.0177613 
0.0177585 0.0177557 0.0177529 0.0177726 0.0177698 0.017767 0.0177642 0.0177615 0.0177587 0.0177559 0.0177868 0.017784 0.0177812 0.0178313 0.0178266 0.0178238 0.017821 0.0178153 0.017814 0.0178108 
0.0178081 0.017807 0.0178039 0.0178012 0.0177984 0.0177956 0.0177928 0.0177901 0.0177873 0.0177845 0.0177818 0.017779 0.0177763 0.0177735 0.0177707 0.017768 0.0177758 0.0177731 0.0177943 0.0178635 
0.0178608 0.017858 0.0178552 0.01785 0.0178467 0.017841 0.0178382 0.0178355 0.0178327 0.0178299 0.0178272 0.0178224 0.0178197 0.0178403 0.0178416 0.0178358 0.0178298 0.0178239 0.017819 0.0178162 
0.0178105 0.0178077 0.0178023 0.0178037 0.0177982 0.0177955 0.0177928 0.01779 0.0177857 0.0177822 0.0177794 0.0177767 0.0177919 0.0177877 0.0177849 0.0177822 0.0177767 0.0177739 0.0177712 0.0177652 
0.0177606 0.0177551 0.0177491 0.0177733 0.0177758 0.0177712 0.0177656 0.01776 0.0177573 0.0177545 0.0177602 0.0177547 0.017752 0.0177483 0.0177518 0.017749 0.0177463 0.0177517 0.017749 0.0177463 
0.0177436 0.017738 0.0177352 0.0177325 0.0177298 0.0177271 0.0177243 0.0177216 0.0177189 0.0177162 0.0177134 0.0177107 0.017708 0.0177053 0.0177026 0.0176999 0.0176971 0.0176913 0.017688 0.0176824 
0.0176797 0.017677 0.0176743 0.0176715 0.0176688 0.0176661 0.0176634 0.0176596 0.0176569 0.0176532 0.0177219 0.0177192 0.0177142 0.0177115 0.0177088 0.0177029 0.0176971 0.0176944 0.0177713 0.0177686 
0.0177643 0.0177615 0.0177588 0.0177561 0.0177534 0.0177507 0.0177452 0.0177425 0.0177392 0.0177365 0.0177323 0.0177296 0.0177268 0.017722 0.0177161 0.017713 0.0177103 0.017707 0.0177091 0.0177064 
0.0177007 0.017698 0.0176922 0.0176895 0.0176868 0.0176841 0.0176794 0.0176737 0.0176833 0.0177104 0.0177047 0.017702 0.0176993 0.0176966 0.0176939 0.0176912 0.0176885 0.0176852 0.0176825 0.0176825 
0.0176798 0.0176769 0.0176742 0.0176715 0.0176661 0.0176634 0.0176671 0.0176614 0.0176587 0.017656 0.017651 0.0176859 0.0176807 0.017678 0.0176748 0.0176693 0.0176718 0.017666 0.0176633 0.0176575 
0.0176517 0.0176463 0.0176436 0.017641 0.0176363 0.0176308 0.0176281 0.0176255 0.0176228 0.0176287 0.0176261 0.0176519 0.0176615 0.0176588 0.0176562 0.0176531 0.0176504 0.0176447 0.0176869 0.0176843 
0.0176816 0.0176789 0.017676 0.0176708 0.0176681 0.0176629 0.0176571 0.0176541 0.0176488 0.0176461 0.0176405 0.0176378 0.0176351 0.0176296 0.0176243 0.0176216 0.0176169 0.0176143 0.0176116 0.0176089 
0.0176063 0.0176036 0.017601 0.0175983 0.0175957 0.0175937 0.0175881 0.0175855 0.0175823 0.0175797 0.0175771 0.0175718 0.0175662 0.0175636 0.017561 0.0175583 0.0175822 0.0175796 0.0175952 0.0175903 
0.0175876 0.017585 0.0175793 0.0175746 0.017572 0.0175694 0.0175647 0.017562 0.0175593 0.0175567 0.0175541 0.0175489 0.0175463 0.0175497 0.017544 0.0175837 0.017581 0.0175784 0.017575 0.0175724 
0.017569 0.0175663 0.0175637 0.0175611 0.0176208 0.0176182 0.0176135 0.0176101 0.0176074 0.0176048 0.0176022 0.0175964 0.0176007 0.017597 0.0175943 0.0175917 0.0175891 0.0175865 0.0175838 0.0175812 
0.0175781 0.0175755 0.0175729 0.0175703 0.0175676 0.0175636 0.0176274 0.0176248 0.0176222 0.0176195 0.0176231 0.0176998 0.0176971 0.0176933 0.0176907 0.017688 0.0176854 0.0176821 0.0176794 0.0176768 
0.0176742 0.0176685 0.0176783 0.0176757 0.0176731 0.0176704 0.0176647 0.0176621 0.0176589 0.0176556 0.0176511 0.0176485 0.0176459 0.0176433 0.0176407 0.017638 0.0176354 0.0176328 0.0176302 0.0176248 
0.0176213 0.0176187 0.0176138 0.0176132 0.0176105 0.017605 0.0176024 0.0176083 0.0176032 0.0175977 0.0176165 0.0176218 0.0176192 0.0176166 0.017614 0.0176114 0.0176996 0.0176939 0.0176913 0.0176862 
0.0176807 0.0176781 0.0176741 0.0177169 0.0177142 0.0177116 0.0177083 0.0177029 0.0177002 0.0176976 0.017695 0.0176924 0.0178277 0.017825 0.0178202 0.0178169 0.0178143 0.0178116 0.017809 0.0178035 
0.0178008 0.0178016 0.017799 0.0177964 0.0177938 0.0177904 0.0177878 0.0178027 0.0178 0.0177961 0.0177935 0.0177909 0.0177864 0.0177838 0.0177812 0.0177785 0.0177759 0.0177733 0.0177707 0.0177662 
0.0177636 0.017761 0.0178764 0.0178724 0.0178698 0.0178672 0.0178646 0.0178619 0.0178593 0.0178539 0.0178513 0.0178919 0.0178863 0.0178837 0.0178811 0.017909 0.0179064 0.0179038 0.0178982 0.0178956 
0.0179197 0.0179194 0.017934 0.0179314 0.0179287 0.0179231 0.0179652 0.0179626 0.0179599 0.0179573 0.0179522 0.0179479 0.0179437 0.0179411 0.0179385 0.0179358 0.017931 0.0179256 0.0179204 0.0179178 
0.0179201 0.0179174 0.0179922 0.018 0.0179949 0.0179949 0.0179902 0.0179876 0.017985 0.0179823 0.0179797 0.0179771 0.0179721 0.0179695 0.0179851 0.0179824 0.0179784 0.0179729 0.0179688 0.0179661 
0.0179635 0.0179586 0.017956 0.0179504 0.0179478 0.017953 0.0179504 0.0179478 0.0179516 0.017949 0.0179464 0.0179438 0.0179382 0.0179342 0.0179349 0.0179323 0.0179297 0.0179244 0.017919 0.0179164 
0.0179162 0.0179136 0.0179126 0.017909 0.0179066 0.0179029 0.0179003 0.0178977 0.0179401 0.0179375 0.0179342 0.0179293 0.0179267 0.0179241 0.0179203 0.017915 0.0179125 0.0179093 0.0179067 0.0179041 
0.0179023 0.0178997 0.0178971 0.0178945 0.0178891 0.017884 0.0178814 0.0178788 0.0178736 0.017869 0.0179052 0.0179026 0.017897 0.0178914 0.0178862 0.0178809 0.017877 0.0178745 0.0178717 0.0178691 
0.0179077 0.0179051 0.0179025 0.0178999 0.0178973 0.0178947 0.0178893 0.0178955 0.0178929 0.0178903 0.0178878 0.0178852 0.0178826 0.01788 0.0178774 0.0178749 0.0178695 0.0178669 0.0179338 0.0179283 
0.0179257 0.0179231 0.0179187 0.0179161 0.0179676 0.0179621 0.0179599 0.0179574 0.0179521 0.0179962 0.0179936 0.0179892 0.0179867 0.0179841 0.0179815 0.0179789 0.0179747 0.0179721 0.0179695 0.0179663 
0.0179638 0.0179612 0.0179558 0.0179517 0.0179498 0.0179472 0.0179447 0.0179421 0.0179417 0.0179369 0.0179343 0.017929 0.0179243 0.0179217 0.0179164 0.0179137 0.0179671 0.0179627 0.0179753 0.0179728 
0.0179702 0.0179676 0.0179651 0.0179639 0.0179613 0.0179588 0.0179562 0.0179536 0.0179511 0.0179537 0.0179512 0.0179465 0.0179424 0.0179369 0.0179385 0.0179359 0.0179334 0.0179308 0.0179253 0.0179228 
0.017918 0.0179155 0.0179149 0.0179343 0.0179317 0.0179292 0.0179266 0.017924 0.0179215 0.0179189 0.0179164 0.0179114 0.0179088 0.0179174 0.017912 0.0179103 0.0179049 0.0179023 0.0178988 0.0179239 
0.0179213 0.0179188 0.0179162 0.0179137 0.0179111 0.0179075 0.0179715 0.017966 0.0179606 0.0179581 0.0179531 0.0179506 0.0179462 0.0179437 0.0179393 0.0179665 0.0179619 0.0179593 0.0179551 0.0179501 
0.0179447 0.0179421 0.0179387 0.0179349 0.0179323 0.0179298 0.0179272 0.0179243 0.017945 0.0179395 0.0179343 0.017929 0.0179265 0.0179235 0.017919 0.0179149 0.0179213 0.0179188 0.0179166 0.0179141 
0.0179116 0.017909 0.0179169 0.0179115 0.017909 0.0179064 0.0179029 0.0179003 0.017897 0.017911 0.0179056 0.017903 0.017906 0.0179033 0.017898 0.0178954 0.0178929 0.0178879 0.0178838 0.0178813 
0.0179112 0.0179087 0.0179062 0.0179037 0.0179011 0.0178962 0.0178937 0.0178912 0.0178887 0.0178861 0.0178836 0.0178788 0.0178763 0.0178738 0.0178713 0.0178688 0.0178662 0.0178637 0.0178612 0.0178587 
0.0178562 0.0178574 0.017852 0.0178494 0.0178469 0.0178444 0.017839 0.0178416 0.0178391 0.0178366 0.0178341 0.0178312 0.0178287 0.0178262 0.0178237 0.0178361 0.0178336 0.0178311 0.0178286 0.0178292 
0.0178267 0.0178242 0.0178189 0.0178164 0.0178139 0.0178088 0.0178063 0.0178038 0.0178013 0.0177988 0.017811 0.0178085 0.017806 0.0178018 0.017797 0.0177945 0.017792 0.0177895 0.0177871 0.017818 
0.0178155 0.0178677 0.0178641 0.0178617 0.0178566 0.0178541 0.0178506 0.0178481 0.0178432 0.0178387 0.0178362 0.0178359 0.0179882 0.0179857 0.0179809 0.0179774 0.017972 0.0179695 0.0179642 0.0179592 
0.0179564 0.0179539 0.0179514 0.0179489 0.0179455 0.017943 0.0179405 0.017938 0.0179355 0.0179304 0.0179279 0.0179254 0.0179229 0.0179204 0.0179179 0.0179162 0.0179158 0.0179133 0.0180126 0.0180101 
0.0180222 0.018018 0.0180155 0.018013 0.0180104 0.0180079 0.0180054 0.0180029 0.0180815 0.018078 0.0180755 0.018073 0.0180704 0.0180679 0.0180636 0.0180728 0.0180703 0.0180675 0.018065 0.0180625 
0.0180598 0.0180573 0.0180548 0.0180514 0.0180489 0.0180464 0.0180437 0.0180412 0.0180362 0.0180337 0.0180312 0.0180264 0.0180215 0.018019 0.018014 0.0180115 0.018009 0.0180065 0.018004 0.0179989 
0.0179964 0.0179939 0.0179914 0.0179889 0.0179837 0.0179907 0.0179882 0.0179857 0.0179832 0.0179806 0.0179781 0.0179737 0.0179687 0.0179662 0.0179638 0.0179613 0.0179588 0.0179563 0.0179517 0.0179478 
0.0179429 0.0179389 0.0179354 0.0179329 0.0179304 0.017928 0.0179226 0.0179208 0.0179184 0.0179147 0.0179122 0.0179071 0.0179047 0.0179012 0.0178965 0.0178941 0.0178916 0.0178891 0.0178851 0.0178826 
0.0178802 0.0178776 0.0178752 0.0178843 0.0178819 0.0178794 0.017877 0.0179075 0.0179051 0.0179026 0.0178986 0.0178949 0.0178925 0.0178953 0.0178922 0.0178897 0.0178847 0.0178813 0.0178788 0.0178764 
0.0178739 0.0178703 0.0178678 0.0178648 0.0179309 0.0179256 0.0179232 0.0179207 0.0179155 0.017913 0.0179106 0.0179058 0.0179033 0.0179185 0.0179176 0.0179152 0.0179127 0.017908 0.0179056 0.0179031 
0.0178981 0.0178956 0.0178913 0.0178888 0.0178854 0.0178825 0.0179257 0.0179231 0.0179199 0.0179167 0.0179143 0.0179118 0.0179094 0.0179041 0.0179016 0.0178992 0.0178949 0.0178914 0.017889 0.0178847 
0.0178823 0.0178799 0.0178746 0.0178749 0.0178712 0.0178676 0.0178651 0.0178627 0.0178603 0.0178578 0.0178692 0.0178668 0.0178643 0.017867 0.0178646 0.0178621 0.017861 0.0178586 0.0178542 0.0178755 
0.0178731 0.0178706 0.0178657 0.0178607 0.0178583 0.0178556 0.0178532 0.0178481 0.0178743 0.0178719 0.0178695 0.017867 0.0178646 0.0178603 0.0178688 0.0178664 0.0178639 0.0178615 0.0178563 0.0178538 
0.0178514 0.017849 0.0178466 0.0178832 0.0178807 0.017876 0.0178736 0.0178711 0.017866 0.0178747 0.0178703 0.0178656 0.0181739 0.0181686 0.0181634 0.0181603 0.0182482 0.0182458 0.0182433 0.0182408 
0.0182383 0.0182359 0.0182318 0.018228 0.0182255 0.0182231 0.0182206 0.0182181 0.0182157 0.0182132 0.0182107 0.0182083 0.0182058 0.0182019 0.0182055 0.018203 0.0181981 0.0181957 0.0181932 0.0181908 
0.0181883 0.0181896 0.0181872 0.0181847 0.0181823 0.0181845 0.0181821 0.0181791 0.0181749 0.0181724 0.0181699 0.0181675 0.018165 0.0181626 0.0181601 0.0181567 0.0181518 0.0181469 0.0181445 0.0181393 
0.0181597 0.0181573 0.0181548 0.0181524 0.0181499 0.0181452 0.0181405 0.0182616 0.0182591 0.0182539 0.0182502 0.0182478 0.0182453 0.0182429 0.0182393 0.0182353 0.0182328 0.0182286 0.0182262 0.0182237 
0.0182185 0.0182371 0.0182347 0.0182322 0.0182298 0.0182273 0.0182249 0.0182311 0.0182259 0.0182267 0.0182243 0.0182218 0.0184788 0.0184966 0.018492 0.0184895 0.018487 0.0184835 0.018481 0.0184782 
0.0184757 0.0184705 0.018468 0.0184672 0.0184626 0.0184602 0.0184577 0.0184552 0.0184504 0.0184468 0.0184427 0.0184402 0.018435 0.0184326 0.0184301 0.0184328 0.0184303 0.0184278 0.0184254 0.0184229 
0.01842 0.0184188 0.0184163 0.0184139 0.0184114 0.0184089 0.0184065 0.018404 0.0183988 0.0183941 0.0183895 0.0183844 0.018389 0.0183866 0.0183841 0.0186041 0.0186016 0.0185991 0.0185966 0.0185941 
0.0185917 0.0185892 0.0185867 0.0185831 0.0185807 0.0185794 0.018576 0.0185735 0.0185696 0.0185697 0.0185672 0.0185647 0.0185614 0.0185562 0.0185522 0.0185614 0.0185603 0.0185915 0.018589 0.0185865 
0.018584 0.0185816 0.0185791 0.0185753 0.0185729 0.0185704 0.0185662 0.018563 0.0185974 0.0185949 0.0185918 0.0185893 0.0185868 0.0185823 0.0185798 0.0185836 0.0185811 0.0185787 0.0185745 0.0185694 
0.0185778 0.0185753 0.0185729 0.0185704 0.0185679 0.0185631 0.0185606 0.0185582 0.018554 0.0185515 0.0185491 0.0185466 0.0185441 0.0185392 0.0185367 0.0185343 0.0185318 0.0185271 0.0185246 0.0185222 
0.0185197 0.0185146 0.0185121 0.0185097 0.0185046 0.0185022 0.0184998 0.0184954 0.018493 0.0184889 0.0184839 0.0184879 0.0184831 0.0184807 0.018476 0.0184713 0.0184673 0.018465 0.0184626 0.0184602 
0.0184577 0.0184527 0.0184503 0.0184482 0.0184458 0.0184433 0.0184473 0.0184449 0.0184425 0.01844 0.0184357 0.0184333 0.0184309 0.0184285 0.0184526 0.0184502 0.0184451 0.0184447 0.01844 0.0184375 
0.0184424 0.0184377 0.0184353 0.0184329 0.0184289 0.0184265 0.0184217 0.018417 0.0184146 0.0184122 0.0184097 0.0184073 0.0184049 0.0184169 0.0184138 0.0184101 0.0184189 0.0184165 0.0184141 0.0184115 
0.0184327 0.0184303 0.0184279 0.0184232 0.0184208 0.0184168 0.0184144 0.018412 0.0184082 0.0184058 0.0184034 0.0184001 0.0183977 0.0183953 0.0183929 0.0183907 0.0183921 0.018387 0.0183846 0.0183822 
0.0183798 0.0183765 0.0183741 0.0183717 0.0183693 0.0183669 0.0183645 0.0183621 0.0183597 0.0183559 0.0183525 0.0183476 0.0183452 0.0183428 0.0183399 0.0183354 0.018333 0.0183279 0.0183255 0.0183208 
0.0183184 0.0183135 0.0183111 0.0183109 0.0183085 0.0183061 0.0183037 0.0183264 0.018324 0.0183207 0.0183183 0.018316 0.0183111 0.0183125 0.0183113 0.0183089 0.0183063 0.0183039 0.018314 0.0183116 
0.0183394 0.018337 0.0183344 0.018332 0.0183296 0.0183587 0.0183563 0.0183524 0.01835 0.0183519 0.0183495 0.0183471 0.0183428 0.0183398 0.0183454 0.0185948 0.0185924 0.0185873 0.0185849 0.0185799 
0.0186222 0.0186273 0.0186224 0.0186195 0.0186144 0.018612 0.0186096 0.0186058 0.0186033 0.0186009 0.0185981 0.0185957 0.0185933 0.0185903 0.0185934 0.0185956 0.0185927 0.0185903 0.0185859 0.0185835 
0.0185811 0.0185949 0.0185901 0.0185877 0.0185853 0.0185879 0.0185855 0.0185831 0.0185807 0.0185783 0.0185759 0.0185735 0.0185695 0.0185671 0.0185623 0.018559 0.0185557 0.0185507 0.0185483 0.018546 
0.0185436 0.0185412 0.0185388 0.0185337 0.0185313 0.0185268 0.0185226 0.0185176 0.0185127 0.0185103 0.0185068 0.0185025 0.0185001 0.0184977 0.0185184 0.018516 0.0185137 0.0185099 0.0185075 0.0185076 
0.0185052 0.0185008 0.0184984 0.018496 0.0184924 0.0184901 0.0184877 0.0184853 0.0184829 0.0184805 0.0184782 0.0184742 0.0184718 0.0184695 0.0184644 0.018462 0.0184597 0.0184573 0.0184603 0.018458 
0.018453 0.0184506 0.0184482 0.0184436 0.0184412 0.0184371 0.0184347 0.0184299 0.0184275 0.0184273 0.0184278 0.0184255 0.0184231 0.0184183 0.0184397 0.0184349 0.0184326 0.0184283 0.0184376 0.0184344 
0.0184321 0.0184297 0.0184265 0.0184231 0.0184208 0.0184169 0.0184145 0.0184122 0.0184098 0.0184074 0.0184051 0.0184006 0.0183981 0.0184059 0.0184036 0.0184012 0.0183989 0.0184213 0.0184163 0.0184115 
0.0184075 0.0184052 0.0184028 0.0184005 0.0183981 0.0183958 0.0183934 0.0183911 0.0183887 0.0183851 0.0183828 0.0183805 0.0183775 0.0183751 0.0183728 0.0183705 0.0183681 0.0183633 0.0183689 0.0183666 
0.0183642 0.0183619 0.0183595 0.0183572 0.0183524 0.0183492 0.0183468 0.0183445 0.0183422 0.0183398 0.0183375 0.0183352 0.0183328 0.0183279 0.0183276 0.0183253 0.018323 0.018319 0.0183148 0.0183125 
0.0183101 0.0183101 0.0183078 0.0183043 0.0182995 0.0182971 0.0182948 0.0182925 0.0182902 0.0182878 0.0182843 0.0182819 0.0182773 0.018275 0.0182726 0.0182703 0.0182654 0.0182631 0.0183299 0.0183265 
0.0183242 0.0183218 0.0183183 0.018316 0.0183144 0.018312 0.0183073 0.018303 0.0182991 0.0182968 0.0182945 0.0182917 0.0182894 0.0182871 0.0182848 0.0182825 0.0182802 0.0182778 0.0182755 0.0182732 
0.0182693 0.0182644 0.0182621 0.0182598 0.0182566 0.0182553 0.018253 0.0182507 0.0182484 0.0182461 0.0182412 0.0182388 0.0182409 0.0182386 0.0182353 0.018233 0.0182281 0.0182258 0.0182235 0.0182212 
0.0182167 0.0182121 0.0182088 0.0182065 0.0182042 0.0182019 0.018197 0.0181922 0.0181927 0.0181904 0.0181881 0.0181858 0.0181835 0.0181812 0.0182438 0.0182389 0.0182366 0.0182424 0.0182401 0.0182359 
0.0182336 0.0182288 0.0182265 0.0182242 0.0182342 0.0182311 0.0182288 0.018224 0.0182257 0.0182274 0.0182251 0.0182228 0.0182205 0.0182182 0.0182159 0.0182136 0.0182113 0.0182089 0.0182066 0.0182043 
0.018202 0.0181977 0.0181954 0.018197 0.0181947 0.0181901 0.0181878 0.0181855 0.0181833 0.0181797 0.0181757 0.0181734 0.0181712 0.0181957 0.0181934 0.0181911 0.0181888 0.0181866 0.0182372 0.018235 
0.0182355 0.0182306 0.018226 0.0182237 0.0182214 0.0182192 0.0182169 0.0182146 0.0182123 0.0182081 0.0182058 0.0182035 0.018199 0.0181956 0.0181908 0.0181862 0.0181817 0.0181786 0.0181737 0.0181715 
0.0181682 0.0181659 0.018163 0.0181607 0.0181573 0.018155 0.0181502 0.0181489 0.0181446 0.0181424 0.0181401 0.0181378 0.0181356 0.0181314 0.0181275 0.0181253 0.018123 0.018122 0.0181197 0.0181149 
0.0181103 0.018108 0.0181057 0.0181035 0.018113 0.0181108 0.0181085 0.0181062 0.0181015 0.0181023 0.0181001 0.0180973 0.0180926 0.0180904 0.0180881 0.0180837 0.0180794 0.0180771 0.0180749 0.0180709 
0.0180687 0.0180664 0.0180648 0.0180625 0.0180603 0.0180555 0.0180532 0.0180487 0.0180464 0.0181202 0.0181155 0.0181133 0.018111 0.0181099 0.018289 0.0182851 0.0182828 0.0182805 0.0182783 0.018276 
0.0182737 0.0182695 0.0182673 0.0182627 0.0182688 0.0182666 0.0182643 0.018262 0.0182598 0.0182575 0.0182553 0.0182517 0.0182494 0.0182446 0.0182423 0.0182392 0.0182369 0.0182346 0.0182444 0.0182397 
0.0182375 0.0182327 0.0182304 0.0182282 0.0182237 0.0182214 0.0182166 0.0182144 0.0182121 0.0182099 0.0182076 0.0182177 0.018215 0.0182107 0.0182073 0.0182613 0.0182582 0.0182551 0.0182503 0.018248 
0.0182458 0.0182435 0.0182552 0.018253 0.018264 0.0182617 0.0182594 0.0182564 0.0182539 0.0182516 0.0182566 0.0182543 0.0182503 0.0182455 0.0182432 0.018241 0.0182387 0.0182364 0.0182332 0.0182288 
0.0182268 0.0182246 0.0182205 0.0182286 0.0182238 0.0182796 0.0182773 0.0182751 0.0182728 0.0182693 0.018274 0.0182784 0.0182762 0.0182887 0.0182839 0.0182817 0.0182794 0.0182772 0.0182743 0.0182696 
0.0182673 0.0182651 0.0182628 0.0182606 0.0182583 0.0182561 0.018253 0.0182482 0.0182452 0.018243 0.0182407 0.0182385 0.0182362 0.018247 0.0182431 0.0182408 0.0182361 0.0182313 0.0182291 0.0182269 
0.0182228 0.0182206 0.0182184 0.0182161 0.0182138 0.0182109 0.0182073 0.0182051 0.0182019 0.0181981 0.0181944 0.0181899 0.0181852 0.0181842 0.0182014 0.0181991 0.0181969 0.0181947 0.0181925 0.0181902 
0.018188 0.0181858 0.0181836 0.0181813 0.0181769 0.0181746 0.0181724 0.0181702 0.0181668 0.0181646 0.0181599 0.0181577 0.0181531 0.0181509 0.0181486 0.0181464 0.0181442 0.018142 0.0181391 0.0181369 
0.018133 0.0181288 0.0181266 0.0181235 0.0181213 0.0181191 0.0181169 0.0181129 0.0181082 0.018106 0.0181025 0.0181002 0.018098 0.0180958 0.0180951 0.0180929 0.0181427 0.0181405 0.0181383 0.0181361 
0.0181378 0.0181331 0.01813 0.0181451 0.0181595 0.0181555 0.0181533 0.018152 0.0181498 0.0181478 0.0181456 0.0181434 0.0181416 0.0181644 0.0181714 0.0181668 0.0181626 0.0181604 0.0181582 0.0181535 
0.018149 0.0181446 0.0181405 0.018136 0.0181313 0.0181277 0.0181255 0.0181233 0.0181193 0.0181171 0.0181149 0.0181127 0.0181082 0.0181038 0.0181 0.0180958 0.0180916 0.0180877 0.0180855 0.0180809 
0.0180787 0.0180765 0.0180743 0.0180721 0.01807 0.0180678 0.0180656 0.0180634 0.0180612 0.018059 0.0180569 0.018057 0.0180534 0.0180512 0.0180466 0.0180444 0.0180411 0.0180389 0.0180368 0.0180335 
0.0180299 0.0180277 0.0180255 0.0180234 0.0180212 0.018019 0.0180168 0.0180147 0.01801 0.0180079 0.0180057 0.0180035 0.0180217 0.0180195 0.0180173 0.0180127 0.0180105 0.0180083 0.0180062 0.0180024 
0.0180002 0.0179976 0.0180245 0.018098 0.0180934 0.0180908 0.0180872 0.018085 0.0180829 0.0180807 0.0180785 0.0180763 0.0180741 0.0180807 0.018077 0.0180748 0.0180726 0.0180705 0.0180662 0.018064 
0.0180734 0.0180712 0.0180691 0.01807 0.0180659 0.0180638 0.0180616 0.0180573 0.0180551 0.018053 0.0180507 0.0180482 0.0180461 0.0180439 0.0180417 0.0181659 0.0181637 0.0181604 0.018156 0.0181539 
0.0181517 0.0181495 0.0181657 0.0181635 0.0181614 0.0181578 0.0181557 0.0181535 0.0181488 0.0181467 0.0181445 0.0181423 0.0181398 0.0181376 0.0181355 0.018131 0.0181272 0.0181265 0.0181238 0.0181213 
0.0181191 0.018117 0.0181148 0.0181104 0.0181071 0.0181049 0.0181028 0.0180992 0.018097 0.0180948 0.0180933 0.0180911 0.0180975 0.0180929 0.0181706 0.0181684 0.0181663 0.0181641 0.0181759 0.0182045 
0.0182023 0.0182001 0.0181995 0.0181973 0.0181932 0.0181904 0.018186 0.0181838 0.0181831 0.018181 0.0181788 0.0181742 0.0181721 0.0181677 0.0181655 0.018163 0.0181584 0.0181562 0.0181526 0.0182514 
0.0182471 0.0182444 0.0182413 0.0182486 0.0182464 0.0182442 0.0182421 0.0182375 0.0182353 0.0182329 0.0182289 0.0182268 0.0182246 0.0182224 0.0182209 0.0182168 0.0182298 0.0182252 0.018223 0.0182208 
0.0182187 0.0182165 0.0182282 0.0182258 0.0182237 0.0182215 0.0182194 0.0182163 0.0182142 0.018212 0.0182076 0.0182035 0.0182042 0.0183105 0.0183211 0.0183173 0.0183264 0.0183242 0.0183199 0.0183177 
0.0183139 0.0183117 0.0183095 0.0183073 0.0183041 0.018312 0.0183098 0.0183076 0.0183032 0.0182987 0.0182953 0.0183655 0.0183633 0.0183611 0.0183589 0.0183548 0.0183527 0.0183499 0.0183531 0.0183509 
0.0183488 0.0183472 0.0183427 0.0183405 0.0183389 0.0183343 0.0183322 0.0183294 0.0183273 0.0183248 0.0183226 0.0183203 0.0183181 0.0183331 0.0183285 0.018329 0.0183274 0.0183252 0.0183231 0.0183185 
0.0183163 0.0183142 0.0183115 0.0183093 0.0183062 0.018304 0.0183017 0.0182996 0.0182974 0.0182952 0.0182931 0.0182885 0.0182864 0.0182819 0.0182798 0.0182776 0.0182755 0.0182728 0.0182706 0.0182679 
0.0182658 0.0182636 0.0182615 0.0182593 0.0182693 0.0182672 0.0182626 0.018258 0.0182559 0.0182524 0.0182489 0.0182467 0.0182446 0.0182425 0.0182388 0.0182366 0.0182334 0.0182342 0.018232 0.0182299 
0.0182277 0.0182264 0.0182243 0.0182222 0.01822 0.0182165 0.0182144 0.0182317 0.0182294 0.0182273 0.0182238 0.0182211 0.018219 0.0182429 0.0182565 0.0182544 0.0182522 0.0182501 0.0182477 0.0182441 
0.0182397 0.0182522 0.0182809 0.0182787 0.0182763 0.0182717 0.0182696 0.0182754 0.0182733 0.0182692 0.0182676 0.0182653 0.0182631 0.0182605 0.0182563 0.018332 0.0183299 0.0183277 0.0183256 0.0183235 
0.0183209 0.0183179 0.0183158 0.0183321 0.01833 0.0183277 0.0183256 0.0183235 0.0183213 0.0183179 0.0183158 0.0183818 0.0183837 0.0184342 0.0184321 0.0184299 0.0184278 0.0184256 0.0184232 0.0184211 
0.0184189 0.0184168 0.0184155 0.0184111 0.018409 0.0184044 0.0184023 0.0184001 0.0184619 0.0184597 0.0184552 0.018453 0.0184509 0.018448 0.0184458 0.0184413 0.0184384 0.0184362 0.0184341 0.0184618 
0.0184596 0.0184552 0.018453 0.0184509 0.0184487 0.0184466 0.0184444 0.0184431 0.01844 0.0184379 0.0184404 0.0184383 0.0184346 0.0184325 0.0184303 0.0184258 0.0184236 0.0184215 0.0184194 0.0184172 
0.0184151 0.018413 0.0184108 0.0184087 0.0184066 0.0184044 0.0184023 0.0184002 0.0184731 0.0184706 0.0184685 0.0184663 0.0184642 0.0184621 0.0184591 0.0184553 0.0184509 0.0185012 0.0184991 0.0184969 
0.0184948 0.0184903 0.0184895 0.0184871 0.0184849 0.0184828 0.0184806 0.0184765 0.0184743 0.0184707 0.0184685 0.0184671 0.018465 0.0184772 0.018475 0.0184729 0.0184708 0.0184673 0.0184651 0.0185805 
0.0185783 0.0185762 0.018574 0.0185719 0.0185685 0.0187121 0.01871 0.0187055 0.0187021 0.0186999 0.0186961 0.0186918 0.0186896 0.0186875 0.018683 0.0186809 0.0186787 0.0187406 0.0187362 0.018734 
0.0187314 0.0187269 0.0187224 0.0187202 0.018718 0.0187159 0.0187137 0.0187116 0.0187084 0.0187177 0.0187155 0.0187146 0.0187124 0.0187087 0.0187066 0.0187025 0.0187004 0.0186979 0.0186958 0.0186936 
0.0186915 0.0186874 0.018683 0.0186809 0.0186787 0.0186764 0.0186743 0.0186721 0.0186678 0.0186666 0.0186621 0.01866 0.0186578 0.0186557 0.0186536 0.0186514 0.018647 0.0186449 0.0186425 0.0186382 
0.0186361 0.018634 0.0186318 0.018628 0.0186237 0.0186216 0.0186194 0.018616 0.0186152 0.018613 0.0186109 0.0186088 0.0186045 0.0186024 0.0186003 0.0186026 0.0186005 0.0185984 0.0186315 0.0186294 
0.0186273 0.0186251 0.018623 0.0186194 0.0186172 0.0186151 0.0186108 0.0186087 0.0186066 0.0186044 0.0186018 0.0185997 0.0185976 0.018599 0.0185961 0.0185917 0.0185896 0.0185875 0.0185853 0.0185832 
0.0185788 0.0185758 0.0185861 0.018584 0.0185819 0.0185797 0.0185776 0.0185743 0.0185721 0.01857 0.0185679 0.018575 0.0185729 0.0185697 0.0185676 0.0185653 0.0185885 0.0185844 0.0185799 0.0185769 
0.0185726 0.0185698 0.0185677 0.0185656 0.0185846 0.0185802 0.0185818 0.0185796 0.0185773 0.0185752 0.0185731 0.018571 0.0185687 0.0185665 0.0185817 0.0185774 0.0185734 0.0185713 0.0185678 0.0185634 
0.0185613 0.018557 0.0186469 0.0186448 0.0186427 0.0186406 0.0186409 0.0186388 0.0186344 0.0186323 0.0186282 0.0186261 0.018624 0.0186219 0.0186198 0.0186177 0.0186149 0.0186127 0.0186106 0.018607 
0.0186049 0.0186028 0.0186147 0.0186126 0.0186086 0.0186045 0.0186024 0.0186003 0.0185981 0.0185994 0.0185973 0.0186006 0.0185999 0.0185956 0.0185923 0.0185902 0.0186811 0.0186852 0.0186831 0.0186787 
0.0186743 0.0186722 0.0186701 0.0186998 0.0186977 0.0186955 0.0187025 0.0187004 0.0186959 0.0186921 0.0186887 0.0186852 0.0186831 0.0187041 0.0186998 0.0186977 0.0186956 0.0186997 0.0186956 0.0186935 
0.0186914 0.0186893 0.0186871 0.018685 0.0186829 0.0186808 0.0186787 0.0186744 0.0186723 0.0187533 0.0187499 0.0187478 0.018761 0.0187568 0.0187547 0.0187526 0.0187487 0.0187466 0.0187926 0.0187905 
0.0187963 0.0187942 0.0187901 0.018788 0.0187882 0.0189184 0.0189163 0.0189142 0.018912 0.0189554 0.0189521 0.01895 0.0189479 0.0189457 0.0189413 0.0189392 0.0189371 0.0189334 0.0189313 0.0189291 
0.018927 0.0189244 0.01892 0.0189157 0.0189135 0.0189114 0.0189077 0.0189042 0.0189021 0.018918 0.0189159 0.0189138 0.0189101 0.018906 0.0189039 0.0189004 0.0188983 0.0188962 0.0188918 0.0188875 
0.0188833 0.0188809 0.018933 0.0189298 0.0189277 0.0189268 0.0189225 0.0189221 0.01892 0.0189179 0.0189158 0.0189137 0.0189116 0.0189094 0.0189073 0.0189032 0.0189039 0.0189143 0.0189099 0.0189077 
0.0189041 0.018902 0.0188998 0.0188977 0.0188956 0.0188937 0.0188916 0.0188885 0.0188864 0.0188843 0.0188983 0.0188939 0.0188918 0.0188897 0.0188861 0.018884 0.0188819 0.0188798 0.0188777 0.0188756 
0.0188735 0.0188714 0.0188693 0.018865 0.0188609 0.0188566 0.0188545 0.0188501 0.0188458 0.0188419 0.0188398 0.0188377 0.0188356 0.0188327 0.0188306 0.018828 0.0188259 0.0188258 0.018822 0.0188199 
0.0188178 0.0188142 0.0188121 0.0188077 0.0188056 0.0188018 0.0187997 0.0187958 0.0187937 0.0187895 0.0188103 0.0188063 0.0188027 0.0188006 0.0187985 0.0187964 0.0187943 0.01879 0.0187869 0.0187848 
0.0187827 0.0187806 0.0187785 0.0187751 0.0187718 0.0187697 0.0187677 0.0187643 0.0187621 0.01876 0.018758 0.0187854 0.0187833 0.0187813 0.0187784 0.018774 0.0187708 0.0187687 0.0187666 0.0187642 
0.0187613 0.0187587 0.0187567 0.0187525 0.0187504 0.0187483 0.0187463 0.0187425 0.0187404 0.0187383 0.0187362 0.0187332 0.0187312 0.0187291 0.0187247 0.0187205 0.0187184 0.0187161 0.0187184 0.0187159 
0.0187126 0.0187082 0.0187062 0.0187598 0.0187577 0.0187556 0.0187536 0.0187515 0.0187474 0.0187454 0.0187433 0.0187412 0.0187391 0.0187371 0.018735 0.0187329 0.0187309 0.0187322 0.0187478 0.0187457 
0.0187434 0.0187393 0.0187373 0.0187352 0.0187331 0.0187311 0.018729 0.0187269 0.0187249 0.0187228 0.0187204 0.0187191 0.0187171 0.0187132 0.0187154 0.0187334 0.0187296 0.0187811 0.0187768 0.0187823 
0.0187802 0.0187788 0.0187767 0.0187747 0.0187845 0.0187816 0.0187787 0.018775 0.0188138 0.0188117 0.0188097 0.0188076 0.0188036 0.0188015 0.0187975 0.0187932 0.0187912 0.0187891 0.018787 0.018785 
0.0187807 0.0187766 0.0187745 0.0187725 0.0187696 0.0187676 0.0187655 0.0187635 0.01881 0.0188079 0.0188283 0.0188252 0.0188214 0.0188223 0.0188202 0.0188256 0.0188212 0.0188192 0.018817 0.0188136 
0.0188294 0.0188277 0.0188271 0.0188228 0.0188224 0.0188211 0.0188168 0.0188142 0.0188121 0.0188388 0.0188368 0.0188331 0.0188512 0.0188491 0.0188471 0.018845 0.0188525 0.0188493 0.018845 0.0188429 
0.0188408 0.0188372 0.0188351 0.0188331 0.018831 0.0188269 0.0188248 0.0188222 0.0189228 0.0189208 0.0189187 0.0189166 0.0189146 0.0189105 0.0189062 0.0189042 0.0189021 0.0189 0.0188963 0.0188921 
0.01889 0.018886 0.0188839 0.0188824 0.0188791 0.0188771 0.018875 0.018873 0.0188709 0.0188688 0.0188656 0.0188636 0.0188612 0.0188592 0.0188571 0.018855 0.018853 0.0188509 0.0188489 0.0188635 
0.0188614 0.0188594 0.0188573 0.0188553 0.0188532 0.0188495 0.0188474 0.0188454 0.0188433 0.0188406 0.0188363 0.0188341 0.018832 0.0188281 0.0188261 0.018822 0.0188199 0.0188179 0.0188158 0.0188138 
0.0188143 0.0188104 0.0188421 0.0188419 0.0188409 0.018837 0.0188349 0.0188457 0.0188419 0.0188376 0.0188356 0.0188492 0.0188471 0.0188451 0.0188468 0.0189023 0.018898 0.018896 0.018894 0.0188905 
0.0188885 0.0188865 0.0188834 0.0188814 0.0188775 0.0188734 0.0188714 0.0188694 0.0188673 0.0188653 0.0188632 0.018859 0.0188569 0.0188549 0.0188528 0.0188508 0.0188487 0.0188462 0.0188441 0.0188421 
0.0188489 0.0188449 0.0188428 0.0188387 0.0188347 0.0188326 0.0188306 0.0188285 0.0188258 0.0188334 0.0188334 0.0188314 0.0188286 0.0188265 0.0188237 0.0188217 0.0188184 0.0188145 0.018811 0.018809 
0.0188069 0.0188049 0.0188027 0.0188011 0.0187969 0.0187948 0.0187906 0.0187908 0.0187871 0.018783 0.0187788 0.0187768 0.0187748 0.0187727 0.0187707 0.0187687 0.0187699 0.0187678 0.0187647 0.0187605 
0.0187585 0.0187545 0.0187901 0.0187871 0.018785 0.018783 0.018781 0.018779 0.0187769 0.0188238 0.0188217 0.0188176 0.0188155 0.0188135 0.0188115 0.0188095 0.0188075 0.0188054 0.0188034 0.0188014 
0.0187994 0.0187962 0.018795 0.018793 0.0187887 0.0187867 0.0187833 0.0187813 0.0187789 0.018779 0.0188073 0.0188034 0.0188131 0.0188164 0.0188144 0.0188124 0.0188104 0.0188084 0.0188169 0.0188149 
0.0188129 0.0188109 0.0188085 0.0188043 0.0188174 0.0188154 0.0188112 0.0188092 0.0188072 0.0188052 0.0188094 0.0188185 0.0188165 0.0188145 0.0188128 0.0188108 0.0188088 0.0188063 0.0188043 0.0188044 
0.0188024 0.0188108 0.0188088 0.0188068 0.0188048 0.0188028 0.0188008 0.0187988 0.0187957 0.0187935 0.0187915 0.0187895 0.0187875 0.0187855 0.0187953 0.0187933 0.0187913 0.0187893 0.0187917 0.0187897 
0.0187877 0.0187857 0.0187833 0.0187812 0.0187792 0.0187772 0.018774 0.0187714 0.0187867 0.0187843 0.0187803 0.0187761 0.018774 0.0187698 0.0187668 0.0187648 0.0187628 0.0187608 0.0187588 0.0187568 
0.0187548 0.018751 0.0187513 0.0187493 0.0187473 0.0187453 0.0187433 0.0187413 0.018768 0.0187639 0.0187613 0.0187579 0.0187775 0.0187734 0.0187704 0.0187683 0.0187663 0.0187643 0.0187691 0.0187671 
0.0187651 0.0187631 0.0187611 0.0187625 0.0188185 0.0188165 0.0188145 0.0188125 0.0188105 0.0188154 0.0188134 0.0188114 0.0188094 0.0188052 0.0188032 0.0188012 0.0187978 0.0187945 0.0187925 0.0187906 
0.0187886 0.0187866 0.0187829 0.0187797 0.0187777 0.0187803 0.0187782 0.0187758 0.0187727 0.0187689 0.0187702 0.0187663 0.0187623 0.0187582 0.0187562 0.0187639 0.0187619 0.0187599 0.0188215 0.0188174 
0.0188154 0.0188134 0.0188115 0.0188095 0.0188159 0.0188139 0.0188114 0.0188094 0.0188067 0.0188047 0.0188022 0.018798 0.0187952 0.0187925 0.0187906 0.0188242 0.0188222 0.0188195 0.0188175 0.0188153 
0.0188133 0.0188113 0.0188093 0.0188073 0.0188053 0.0188034 0.0188 0.0187981 0.0187961 0.0187919 0.0187899 0.0187879 0.0187859 0.0187839 0.0187819 0.0187799 0.018783 0.0187894 0.0187853 0.0187811 
0.0187791 0.0187772 0.0187752 0.0187732 0.0187691 0.0187671 0.0187651 0.0187611 0.0187591 0.0187551 0.0187526 0.0187507 0.0187487 0.0187467 0.0187447 0.0187421 0.0187401 0.0187359 0.0187318 0.0187298 
0.0187313 0.0187293 0.0187257 0.0187216 0.0187182 0.0187162 0.0187143 0.0187123 0.0187103 0.0187082 0.0187062 0.0187043 0.0187023 0.0187004 0.0187149 0.0187129 0.0187109 0.0187109 0.0187089 0.018707 
0.018705 0.0187031 0.0187011 0.01879 0.018788 0.0187899 0.0187876 0.0187856 0.0187816 0.0187797 0.0187763 0.0187743 0.0187724 0.018779 0.0187751 0.0187731 0.0187711 0.0187679 0.018766 0.0187636 
0.0187616 0.0187596 0.0187555 0.0187646 0.0187626 0.0187607 0.0187566 0.0187578 0.0187558 0.0187539 0.0187519 0.0187499 0.018748 0.018746 0.0187441 0.0187421 0.0187395 0.0187412 0.0187393 0.0187373 
0.0187354 0.0187334 0.0187305 0.0187285 0.0187266 0.0187246 0.0187226 0.0187185 0.0187152 0.0187132 0.0187112 0.0187088 0.0187069 0.0187049 0.018706 0.0187041 0.0187 0.0186958 0.0186932 0.0186898 
0.0186864 0.0186844 0.0186829 0.0186796 0.0186777 0.0186757 0.0186738 0.0186718 0.0186743 0.0186723 0.0186704 0.0186684 0.0186665 0.0186642 0.0186622 0.0186594 0.0186574 0.0186555 0.0186535 0.0186498 
0.0186478 0.0186459 0.0186426 0.0186407 0.0186388 0.0186368 0.0186349 0.0186329 0.0186295 0.0186276 0.0186253 0.0186233 0.0186214 0.0186178 0.0186158 0.0186123 0.0186104 0.0186085 0.0186053 0.0186023 
0.0185987 0.0185949 0.0185915 0.0185879 0.0185859 0.0185833 0.0185821 0.0185795 0.0185776 0.0185743 0.0185724 0.0185705 0.0185686 0.0185645 0.0185615 0.0185596 0.0185577 0.0185551 0.0185532 0.0185499 
0.018548 0.0185461 0.0185449 0.018543 0.0185402 0.0185407 0.0185388 0.0185369 0.0185349 0.018533 0.0185311 0.0185307 0.0185276 0.0185237 0.0185218 0.0185437 0.0185413 0.0185394 0.0185375 0.0185335 
0.0185305 0.0185268 0.0185692 0.0185673 0.0185682 0.0185663 0.0185627 0.0185668 0.0185649 0.0185629 0.018561 0.0185591 0.0185551 0.0185531 0.0185491 0.0185472 0.0185518 0.0185496 0.0185477 0.0185451 
0.0185438 0.0185402 0.0185383 0.0185364 0.0185343 0.0185303 0.0185284 0.0185257 0.0185238 0.0185219 0.0185196 0.0185177 0.0185158 0.0185118 0.0185099 0.0185079 0.018506 0.0185041 0.0185022 0.0185003 
0.0184977 0.0184958 0.0184918 0.0184899 0.0184976 0.0184957 0.018493 0.0184995 0.0184975 0.0185033 0.0185014 0.0184995 0.0184976 0.0184953 0.0184931 0.0184936 0.0184917 0.0184898 0.0184879 0.018486 
0.0184841 0.0184822 0.0184803 0.0184784 0.018477 0.0184733 0.0184693 0.0184674 0.0184655 0.0184616 0.018467 0.0184794 0.0184775 0.0184756 0.0184716 0.0184697 0.0184678 0.0184659 0.018464 0.0184602 
0.0184656 0.0184637 0.0184618 0.0184599 0.018458 0.0184561 0.0184542 0.0185156 0.0185189 0.0185165 0.0185139 0.0185103 0.0185081 0.0185057 0.0185038 0.0185019 0.0184989 0.018497 0.0184951 0.0184932 
0.0184913 0.0184894 0.018486 0.0184841 0.0184833 0.0184797 0.0184773 0.0184808 0.0184775 0.0184756 0.0184734 0.0184715 0.0184686 0.0184649 0.018464 0.0184622 0.0184603 0.0184579 0.0184543 0.0184524 
0.0184505 0.0184473 0.0184448 0.0184429 0.0184396 0.0184377 0.0184429 0.0184399 0.0184564 0.0184941 0.0184922 0.0184921 0.0184902 0.0184883 0.0185612 0.0185593 0.0185832 0.0186131 0.0186173 0.0186154 
0.0186141 0.0186689 0.018667 0.0186651 0.0186632 0.0186613 0.0186602 0.0186583 0.0186564 0.0186559 0.018654 0.0186527 0.0186508 0.0186489 0.018647 0.0188102 0.0188083 0.0188058 0.0188039 0.0188019 
0.0187979 0.018796 0.0187941 0.0187902 0.0187883 0.0187864 0.0187845 0.0187826 0.0187807 0.0187788 0.0187768 0.0187749 0.0187728 0.0187709 0.0187672 0.0187653 0.0187634 0.0188069 0.018805 0.0188031 
0.0188012 0.0187993 0.0187974 0.0187945 0.0188351 0.0188319 0.01883 0.0188281 0.0188241 0.0188222 0.0188203 0.0188166 0.0188145 0.0188126 0.0188095 0.0188076 0.0188244 0.0188222 0.0188225 0.018819 
0.0188171 0.0188136 0.0188096 0.0188077 0.0188047 0.0188028 0.0188009 0.0188148 0.0188129 0.018811 0.0188107 0.0188088 0.0188048 0.0188029 0.018801 0.0187991 0.0187972 0.0187995 0.0187976 0.0187957 
0.0187917 0.018836 0.0188334 0.0188301 0.0188282 0.0188452 0.0188422 0.0188403 0.0188384 0.0188357 0.0188338 0.0188319 0.0188286 0.0188267 0.0188248 0.0188208 0.0188189 0.018817 0.0188151 0.0188127 
0.0188108 0.0188089 0.018807 0.0188051 0.0188032 0.0188013 0.0187994 0.0187957 0.0187938 0.0187919 0.01879 0.0187881 0.0187857 0.0187838 0.0187819 0.01878 0.0187781 0.0187762 0.0187743 0.0187718 
0.0187698 0.0187681 0.0187662 0.0187643 0.0187624 0.0187606 0.0187587 0.0187559 0.0187541 0.0187506 0.0187487 0.0187469 0.0187444 0.0187425 0.0187406 0.0187387 0.0187349 0.0187309 0.018729 0.0187271 
0.0187252 0.0187222 0.0187203 0.0187169 0.018715 0.0187168 0.0187149 0.0187113 0.0187094 0.0187075 0.0187052 0.0187013 0.0186994 0.0186975 0.0187053 0.0187034 0.0187015 0.018723 0.0187211 0.0187193 
0.0187174 0.0187155 0.0187122 0.0187103 0.0187084 0.0187065 0.0187035 0.0187012 0.018699 0.0186971 0.0186952 0.0186934 0.0187028 0.018699 0.0186955 0.0186937 0.0186918 0.0186957 0.0186919 0.018688 
0.018685 0.0186831 0.0186795 0.0186777 0.0186758 0.0186739 0.0186721 0.0186702 0.0186674 0.0186655 0.0186629 0.0186608 0.0186572 0.0186553 0.0186533 0.0186515 0.0186485 0.0186466 0.0186431 