-0.0264416 -0.0132208 -0.00881387 -0.0202623 -0.0162099 -0.0135082 -0.0081326 0.00162675 0.001446 0.0013014 -0.00753144 -0.00718813 -0.00663519 -0.00489747 -0.00591055 -0.00554114 -0.0073159 -0.00690946 -0.00742207 -0.00707121 -0.00673449 
-0.00642837 -0.00614888 -0.00405054 -0.00555331 -0.00582919 -0.0059998 -0.00578552 -0.00558602 -0.0062386 -0.00603735 -0.00661085 -0.00641052 -0.00622198 -0.00604421 0.0624261 0.0607389 0.0588837 0.0573738 0.0559395 0.0539789 
0.0526937 0.0514683 0.0492764 0.0481814 0.0471339 0.0461311 0.0452908 0.055857 0.0547399 0.0536665 0.0526345 0.0516414 0.0506851 0.049476 0.0485925 0.0474404 0.0466225 0.0574838 0.0751031 0.0736578 
0.0786909 0.0774418 0.0753536 0.0741489 0.0795904 0.0784025 0.0772495 0.0780859 0.0767537 0.0756727 0.0738243 0.072813 0.0715745 0.0706201 0.0784004 0.0773822 0.0758965 0.0749358 0.0739991 0.0730855 
0.0721942 0.0713244 0.0704753 0.0694758 0.0730364 0.0756518 0.0747921 0.0739518 0.0731301 0.0717493 0.0709694 0.0702063 0.0694594 0.0687283 0.0680123 0.0673112 0.0664277 0.0657567 0.0650992 0.0642239 
0.0635942 0.0644163 0.0634851 0.0628805 0.0616345 0.0610585 0.0604731 0.0599183 0.0586412 0.0581129 0.0575941 0.0563804 0.0558858 0.0561362 0.0625162 0.0619818 0.0614566 0.0609401 0.0604323 0.0599328 
0.0594416 0.0589583 0.0584829 0.058015 0.0573154 0.0568641 0.0590102 0.0595337 0.059093 0.0586419 0.0581977 0.0577601 0.0573291 0.0569044 0.0562485 0.0558379 0.0548208 0.0547084 0.0543177 0.0538267 
0.0532143 0.0528422 0.0517894 0.0512156 0.0508648 0.0505188 0.0501774 0.0498407 0.0496552 0.0492634 0.0546563 0.0540194 0.0536686 0.0533223 0.0529805 0.0526431 0.0523099 0.0527768 0.0524469 0.0517207 
0.0516282 0.0513114 0.0509986 0.0506895 0.0503841 0.0500824 0.0497843 0.0494897 0.0489095 0.0486235 0.0483408 0.0532234 0.0528113 0.0525096 0.0518245 0.0515317 0.0512422 0.050956 0.0506729 0.0509312 
0.0499766 0.0497035 0.0492148 0.0489488 0.0486856 0.0484252 0.0542971 0.0590995 0.0587884 0.0582322 0.0578971 0.0573424 0.0568695 0.0699743 0.0696173 0.0692106 0.0686676 0.0682251 0.067884 0.0675155 
0.0671812 0.0668503 0.0664118 0.0668833 0.0665586 0.0662371 0.0659186 0.0656032 0.0652908 0.0645574 0.0642529 0.0638401 0.0633224 0.0627198 0.0624294 0.0619231 0.0615519 0.0612709 0.0609924 0.0606624 
0.0603891 0.0600908 0.0598225 0.0595567 0.0592815 0.0587766 0.0585188 0.0582633 0.05801 0.0707615 0.0705045 0.0702019 0.0698974 0.0696 0.0693069 0.0688816 0.0685922 0.0693917 0.0691026 0.0688158 
0.0685315 0.0679824 0.0676074 0.0673315 0.0669619 0.0666908 0.0664219 0.0661552 0.0658905 0.0655548 0.0652947 0.0650066 0.0647507 0.0644967 0.0640747 0.063722 0.063475 0.0630278 0.0627853 0.0627994 
0.0625597 0.062363 0.0621268 0.0618924 0.061383 0.0610063 0.0607786 0.0605227 0.0602985 0.060076 0.0598552 0.0596359 0.0594183 0.0592289 0.0597851 0.0594855 0.0598921 0.0596775 0.0595358 0.059234 
0.059024 0.062842 0.0626207 0.0622944 0.0620766 0.0617051 0.0615018 0.0611083 0.0608975 0.0606883 0.0604531 0.0602468 0.0617711 0.0614895 0.061226 0.0609679 0.06075 0.0605468 0.0603249 0.0601245 
0.0598339 0.0596364 0.0594402 0.0591424 0.0589244 0.0638522 0.0636449 0.063331 0.0631267 0.0629237 0.0630868 0.0628853 0.062685 0.0623259 0.0621196 0.0619236 0.0617289 0.0615354 0.0613431 0.0611059 
0.0609161 0.0605468 0.0602537 0.0612202 0.0610324 0.0607949 0.0606095 0.0602444 0.0602831 0.0602455 0.059865 0.0596852 0.0595065 0.0593624 0.0591857 0.0589908 0.058703 0.0584019 0.0581824 0.0580117 
0.057777 0.0573767 0.0571477 0.056982 0.0568931 0.0566633 0.0563541 0.0561927 0.0560321 0.0558302 0.0556716 0.0555139 0.055357 0.0552011 0.054899 0.0547452 0.0545248 0.0543729 0.0542219 0.0540717 
0.0539223 0.0537738 0.0537466 0.0535076 0.0537058 0.0535595 0.0534139 0.053101 0.0529574 0.0528147 0.0526727 0.0523952 0.0522551 0.0522364 0.052046 0.0519079 0.0517678 0.0515739 0.0514382 0.0512962 
0.0511619 0.0510283 0.0508954 0.0507632 0.0506317 0.0505009 0.0503005 0.0501712 0.0504722 0.0503431 0.050445 0.0505676 0.0502688 0.0501415 0.0500149 0.0498889 0.0497635 0.0495731 0.0494491 0.0493258 
0.0492031 0.0488212 0.0486023 0.0482803 0.0480127 0.0478947 0.047572 0.0474557 0.0473399 0.0472248 0.0486262 0.0485085 0.0483913 0.0482747 0.0481587 0.0495231 0.049337 0.0492192 0.049102 0.0489854 
0.0488693 0.0487538 0.0487214 0.0490839 0.0488518 0.0487374 0.0484264 0.0482628 0.048129 0.0480173 0.0479062 0.0477955 0.0476854 0.0479502 0.0476422 0.0475332 0.0475805 0.0474721 0.0475293 0.0480406 
0.0477732 0.0476653 0.0478731 0.047723 0.047584 0.0474776 0.0477527 0.0476063 0.0475005 0.0477459 0.0475753 0.0474988 0.0475211 0.0474167 0.0580047 0.0578778 0.0577507 0.0576249 0.0573416 0.0572172 
0.0570934 0.057202 0.0570787 0.056956 0.0568337 0.056712 0.0565909 0.0565496 0.0564293 0.0563095 0.0560057 0.0558873 0.0557694 0.055652 0.0553161 0.0551078 0.0549925 0.0548777 0.0547634 0.0546495 
0.0545361 0.0544232 0.0543112 0.0541983 0.0541359 0.0540247 0.053914 0.0538038 0.053694 0.0535271 0.0540472 0.0539375 0.0538278 0.0537585 0.0536502 0.0575921 0.0574765 0.0573613 0.0572466 0.0571323 
0.0620394 0.0619161 0.0620004 0.0618776 0.0617553 0.0615505 0.0613695 0.0612489 0.0611288 0.0608557 0.0616864 0.0615944 0.0614746 0.0613209 0.0609969 0.0608789 0.0607614 0.0616966 0.0615455 0.0614273 
0.0613097 0.0611924 0.0609058 0.0606987 0.0605833 0.0604431 0.0603287 0.0602146 0.060101 0.0607412 0.0606271 0.0605133 0.0604 0.0602871 0.0599118 0.0598002 0.0595988 0.0594882 0.0593781 0.0591859 
0.059599 0.0594627 0.0593287 0.0591768 0.0590684 0.0589205 0.05893 0.0588227 0.0586274 0.058521 0.0582909 0.0581855 0.0580805 0.0579759 0.0578983 0.0577944 0.0576908 0.0575876 0.0574848 0.0573823 
0.0572802 0.0571312 0.0573726 0.0571514 0.0569891 0.0568886 0.0567884 0.0565593 0.0564923 0.0563933 0.0562592 0.0561611 0.0583152 0.0582138 0.0581128 0.058012 0.0579117 0.0584611 0.0583603 0.0581469 
0.058047 0.0591091 0.058968 0.0588672 0.0587667 0.0586666 0.0584859 0.0583816 0.0585251 0.0582883 0.0581591 0.058061 0.0579632 0.0578658 0.0577687 0.0578043 0.0577077 0.0576113 0.0573962 0.0573007 
0.0572055 0.0570261 0.0569317 0.0568376 0.0566515 0.0565582 0.0564607 0.0561672 0.0559589 0.0558673 0.055776 0.055685 0.0555171 0.0554268 0.0553062 0.0552166 0.0550869 0.0553227 0.0552335 0.0550877 
0.0549991 0.0549108 0.0548224 0.0547347 0.0546558 0.0545687 0.0544757 0.0544896 0.0544031 0.0543169 0.0547098 0.0545621 0.0544177 0.054332 0.0542607 0.0541567 0.0542642 0.0541793 0.0540946 0.0540102 
0.0539261 0.0538412 0.0537576 0.0537851 0.0536582 0.053591 0.0535083 0.0533445 0.0531588 0.0531218 0.0530302 0.0529533 0.0529918 0.0528771 0.0527727 0.0526924 0.0527286 0.0526486 0.0524313 0.052286 
0.0522071 0.0521054 0.0519856 0.0519074 0.0518295 0.0517518 0.0516743 0.0517655 0.0515933 0.0515047 0.0514338 0.0512694 0.0511934 0.0510389 0.0509316 0.0508563 0.0507875 0.0505583 0.0504839 0.0504098 
0.050391 0.050317 0.0502177 0.0501444 0.0500713 0.0499985 0.0499045 0.049832 0.049625 0.0495532 0.0494816 0.0494102 0.049339 0.049268 0.0495402 0.0494691 0.049387 0.0494859 0.0493966 0.049319 
0.0491881 0.0569352 0.0568544 0.0567737 0.0566933 0.0566131 0.0577788 0.0576973 0.0576588 0.0575207 0.0574047 0.0573242 0.0574562 0.0573758 0.0574873 0.0574798 0.0573079 0.0571876 0.0571494 0.056982 
0.0569031 0.0572847 0.0572056 0.0570932 0.0570146 0.0569362 0.056858 0.05678 0.0566668 0.0583359 0.0582562 0.0581042 0.0580251 0.0579461 0.0578446 0.0577661 0.0576058 0.0575279 0.0574501 0.0573726 
0.0573057 0.057119 0.057138 0.0570613 0.0569848 0.0569085 0.0567669 0.0566911 0.0566155 0.0565338 0.0564586 0.0564247 0.0563325 0.0562579 0.0562014 0.0561271 0.0559472 0.0558051 0.0557317 0.0555858 
0.0561244 0.0560508 0.0559775 0.0558192 0.0556134 0.0554677 0.0553955 0.055243 0.0551712 0.0550997 0.0550283 0.054954 0.054883 0.0548122 0.0547416 0.0546711 0.0546009 0.0545308 0.0544609 0.0542656 
0.0541962 0.0545788 0.0545092 0.0544397 0.0543532 0.0541803 0.0541116 0.054043 0.0539252 0.0538571 0.0537891 0.0537212 0.0537256 0.0538834 0.0538157 0.0537705 0.0535495 0.0534634 0.0533966 0.0533299 
0.0532634 0.0531971 0.0531309 0.0530649 0.0529991 0.0529466 0.0528811 0.053792 0.0537256 0.0536594 0.0537441 0.053678 0.053612 0.0535463 0.0534456 0.0533802 0.0533149 0.0532254 0.0531605 0.0531944 
0.0538968 0.0538313 0.0537284 0.053583 0.0534208 0.0533562 0.0532918 0.0532275 0.0531378 0.053371 0.0533069 0.0540167 0.0539057 0.0538411 0.0537714 0.0537072 0.0535572 0.0534788 0.0534152 0.0533516 
0.0532883 0.0532251 0.0548257 0.0547608 0.0546961 0.0546315 0.0545671 0.0545028 0.0544387 0.0544396 0.0543387 0.0542556 0.054177 0.0540804 0.0540172 0.0539542 0.0538794 0.0537661 0.053652 0.0535897 
0.0535275 0.0534655 0.0534036 0.0533419 0.0532803 0.0532135 0.0531522 0.0530911 0.05303 0.0528727 0.0528121 0.0526377 0.0525764 0.0525163 0.0523991 0.0523394 0.0522798 0.0522203 0.0520262 0.0519619 
0.0519049 0.0517894 0.0517308 0.0515985 0.0515176 0.0513994 0.0513044 0.0512467 0.0511891 0.0511316 0.0510743 0.0509477 0.0508907 0.0508338 0.0507771 0.0507205 0.050664 0.0507407 0.0506895 0.0506333 
0.0505771 0.0505211 0.0504652 0.0503935 0.0503148 0.0502594 0.050204 0.0501488 0.0500937 0.0500387 0.049867 0.0498124 0.0496789 0.0495822 0.0495281 0.0494712 0.0494173 0.0494838 0.04943 0.0495099 
0.0494562 0.0494027 0.0493357 0.0492597 0.049241 0.0491248 0.0490719 0.0496742 0.0496207 0.0495674 0.0495143 0.0494612 0.0494082 0.0493491 0.0492223 0.0491698 0.0490814 0.0489844 0.0489619 0.0489098 
0.0488378 0.048786 0.0487344 0.0486697 0.0486176 0.048453 0.0484019 0.0483509 0.0508474 0.050794 0.0506714 0.050636 0.0505829 0.0505989 0.050512 0.0504592 0.0504065 0.0506571 0.0505932 0.0505405 
0.050488 0.0504742 0.0506316 0.0508437 0.0507911 0.0507326 0.0506535 0.0506071 0.0505467 0.0504946 0.0504427 0.0502429 0.0501913 0.0501162 0.0500092 0.0499168 0.0498657 0.0498148 0.0497338 0.0498756 
0.0497951 0.0496889 0.0496384 0.049588 0.0495377 0.0494875 0.049425 0.0493751 0.0493252 0.049289 0.0492393 0.0491897 0.0491101 0.0490608 0.0489678 0.0488307 0.0487583 0.0486336 0.0485584 0.0484986 
0.0484502 0.0483484 0.0483003 0.048605 0.0485025 0.0483832 0.0483313 0.0482834 0.0482355 0.0481641 0.0480935 0.0480261 0.0479788 0.0479315 0.0478843 0.0477612 0.0477143 0.0476674 0.0477946 0.0477272 
0.0476805 0.0476339 0.0475318 0.0474775 0.0474627 0.0473656 0.047269 0.047222 0.0470562 0.0470105 0.046912 0.0468451 0.0467998 0.0467546 0.0467095 0.0466645 0.0466195 0.0465383 0.0464935 0.0464653 
0.0464207 0.0463762 0.0463318 0.0462453 0.0462011 0.0461151 0.0460711 0.0459461 0.0458904 0.0458467 0.0457664 0.0456989 0.0456556 0.0456123 0.0455316 0.0454885 0.0454093 0.0457028 0.0456597 0.0456167 
0.0455737 0.0455309 0.0454881 0.0454273 0.0453483 0.0453058 0.0452634 0.0452209 0.0451786 0.0452152 0.045173 0.0451309 0.0450889 0.045027 0.0449847 0.0448822 0.0448406 0.0447976 0.0447561 0.0447147 
0.0446734 0.0446127 0.0445011 0.04446 0.0444469 0.044406 0.0445109 0.04447 0.0444292 0.0443823 0.044337 0.0443524 0.0443023 0.0442544 0.044214 0.0441737 0.0441335 0.0440888 0.0440488 0.0440088 
0.0439688 0.043929 0.0438534 0.0437919 0.0437523 0.0436636 0.0436242 0.043578 0.0435572 0.0435436 0.0435044 0.0434382 0.0432981 0.0432593 0.0431649 0.0431286 0.04309 0.0430515 0.043013 0.0433421 
0.0433034 0.0432972 0.043258 0.0431858 0.0431475 0.0431092 0.043071 0.0430328 0.0429947 0.0429567 0.042851 0.0428132 0.0431374 0.0430963 0.0430584 0.0430205 0.0430072 0.0429695 0.0429318 0.0428872 
0.0428497 0.0427655 0.0426679 0.0426306 0.0425934 0.0425563 0.0425192 0.0424479 0.042411 0.0426142 0.0425773 0.0425403 0.0425035 0.0424595 0.0424227 0.0423935 0.0423777 0.0423412 0.0423046 0.0423698 
0.0423315 0.0422658 0.0422294 0.0425904 0.0429015 0.0428647 0.0428143 0.0428606 0.042824 0.0430728 0.0430361 0.0429994 0.042903 0.0428665 0.0428301 0.0427758 0.0430526 0.0430161 0.0429796 0.0429432 
0.0428459 0.0428096 0.0427735 0.0427374 0.0427013 0.0429025 0.0428086 0.042743 0.0426298 0.0425674 0.0430083 0.0429605 0.0428853 0.0428267 0.0427909 0.042755 0.0427193 0.0426364 0.0426008 0.042482 
0.0424466 0.0423245 0.0422893 0.0422138 0.0421788 0.0421143 0.0420794 0.0420446 0.0420099 0.0463235 0.0462853 0.0462472 0.046092 0.0460541 0.0460162 0.0459784 0.0458909 0.0458197 0.0457415 0.045704 
0.0456666 0.0456077 0.0455704 0.0455018 0.0454647 0.0454276 0.04532 0.0452578 0.045221 0.0451164 0.0450797 0.0449715 0.0449351 0.0448987 0.0448623 0.0447685 0.0447323 0.0446941 0.0446313 0.0445953 
0.0445319 0.0444961 0.0444603 0.0443856 0.04435 0.0443051 0.0442193 0.0441839 0.044081 0.0440458 0.0440106 0.0439755 0.0439404 0.0439054 0.0438081 0.0437732 0.0437384 0.0437037 0.043669 0.0436052 
0.0435369 0.0435025 0.0434681 0.0434073 0.043373 0.0432951 0.0445077 0.0445516 0.0445076 0.0444836 0.0444486 0.0444752 0.0445106 0.0444757 0.0444409 0.0444061 0.0443713 0.0444649 0.0444302 0.0443955 
0.0443609 0.0443263 0.0442918 0.0442026 0.0441683 0.0441336 0.0440993 0.0440651 0.0440063 0.0439634 0.0439294 0.0438954 0.0438809 0.043847 0.0438131 0.0437794 0.0437454 0.043653 0.0435465 0.043513 
0.0435673 0.0435339 0.0435559 0.043485 0.0434378 0.0434046 0.0433714 0.0433383 0.0437304 0.0436968 0.0436635 0.0436302 0.0435762 0.043543 0.0435099 0.0434259 0.0435527 0.0435197 0.0434259 0.0434861 
0.043468 0.0434352 0.0434024 0.0433696 0.0433369 0.043909 0.0438422 0.0437825 0.0437495 0.0437167 0.0436839 0.0436511 0.0436184 0.0435535 0.0435209 0.0434884 0.0434559 0.0434234 0.0433579 0.0433256 
0.0432933 0.0433852 0.043353 0.0433207 0.0432518 0.0432197 0.0431876 0.0431556 0.0431236 0.0430917 0.04303 0.0429886 0.0428961 0.0428645 0.0428329 0.0428013 0.0427698 0.0427383 0.0427069 0.0426744 
0.0426431 0.0425782 0.042547 0.0425159 0.0424847 0.0424222 0.0423912 0.0423602 0.0423293 0.0422985 0.0422676 0.0422366 0.0422058 0.042169 0.0421384 0.042072 0.0420415 0.042011 0.0419806 0.0419361 
0.0418909 0.0418369 0.0418066 0.0417748 0.0417447 0.0416748 0.0416447 0.0416147 0.0415848 0.0415535 0.0415237 0.0414776 0.0414335 0.0414038 0.0416895 0.0416597 0.041754 0.0417242 0.0416944 0.0416646 
0.0416349 0.0416052 0.0417391 0.0416562 0.0416202 0.041744 0.0417144 0.0416625 0.0418352 0.0417399 0.0416802 0.0417298 0.0417002 0.0422217 0.0421919 0.0420724 0.0420428 0.0420131 0.0420127 0.0421618 
0.0421364 0.0421068 0.0420773 0.0420394 0.0420076 0.0419782 0.0419488 0.0418803 0.0419079 0.0418655 0.0418363 0.0418071 0.041778 0.0417489 0.0417198 0.0416907 0.0416618 0.0415767 0.0414875 0.0414587 
0.0413661 0.0413457 0.041317 0.0412568 0.0412283 0.0412828 0.0412164 0.0411738 0.0425962 0.0425668 0.0425375 0.0425083 0.0424493 0.0424202 0.0423952 0.0423662 0.0423371 0.0423081 0.0422791 0.0422502 
0.0422213 0.0421924 0.0421636 0.0421348 0.042141 0.0420991 0.042062 0.0420334 0.041967 0.0419385 0.0421253 0.0420637 0.0420351 0.0420032 0.0419434 0.041854 0.0418257 0.0417974 0.0417558 0.0417276 
0.041662 0.041598 0.041552 0.0415437 0.0415157 0.0414878 0.0414515 0.0414236 0.0413958 0.0413284 0.0413007 0.041273 0.0412324 0.0413578 0.041316 0.0412884 0.0412608 0.0412333 0.0411973 0.0412927 
0.0412652 0.0412378 0.0411779 0.0411505 0.0411056 0.0410783 0.0410225 0.0409953 0.0409682 0.040941 0.040914 0.0408694 0.0408424 0.0408154 0.0407885 0.0407581 0.0407312 0.0406701 0.0406433 0.0406166 
0.0405899 0.0405633 0.0405366 0.0405101 0.0404711 0.0404446 0.0404181 0.0403917 0.0403653 0.0403389 0.0403126 0.0402863 0.0402645 0.0402383 0.0402121 0.0401859 0.0401598 0.0401337 0.0401076 0.0400816 
0.0400556 0.0400296 0.040019 0.0400429 0.040017 0.0400612 0.0400117 0.0399859 0.0399601 0.0398825 0.0398568 0.0398311 0.0397883 0.0397627 0.0398913 0.0398657 0.0398401 0.0397975 0.0400187 0.039993 
0.0399674 0.0399419 0.0399163 0.0398596 0.0398239 0.0397985 0.0397758 0.0397125 0.0396872 0.0396619 0.0396277 0.0396099 0.0395847 0.0395195 0.0394944 0.0394694 0.0394444 0.039415 0.0393901 0.0393652 
0.0393403 0.0392958 0.039271 0.0392462 0.0392214 0.0391269 0.0391023 0.0390285 0.0390039 0.0389635 0.0389391 0.0389146 0.0388902 0.0388634 0.0389975 0.0390886 0.0390642 0.0390397 0.0389852 0.0390749 
0.0390416 0.0390172 0.0389929 0.0389686 0.0390413 0.039017 0.0389927 0.0389685 0.0389152 0.0388904 0.0388662 0.0388421 0.0388181 0.038794 0.0387408 0.0387017 0.0386778 0.0386539 0.03863 0.0386062 
0.0385824 0.0385586 0.0385174 0.0384919 0.0384288 0.0383453 0.0382914 0.0382679 0.0382444 0.038221 0.0381554 0.038132 0.0381389 0.0380467 0.0380234 0.0379761 0.0379196 0.037893 0.0379372 0.037891 
0.0378578 0.0380409 0.0380025 0.0379794 0.0379459 0.0381735 0.0381503 0.0381272 0.0381041 0.038081 0.038058 0.0380349 0.0380119 0.037989 0.037966 0.0379431 0.0379202 0.0378974 0.0379114 0.0378886 
0.0378706 0.0378319 0.0378091 0.0377864 0.0377638 0.0377411 0.0377185 0.0376959 0.0376733 0.0376428 0.0376029 0.0375804 0.037558 0.037515 0.037454 0.0374317 0.0374094 0.0373871 0.0378637 0.0378353 
0.0378129 0.0377904 0.0377649 0.0377381 0.0377158 0.0376934 0.0376711 0.037643 0.0376158 0.0375936 0.0375404 0.0374902 0.0374269 0.0377465 0.0376913 0.0376687 0.0376465 0.0376099 0.0375772 0.0375551 
0.0375368 0.0374924 0.0374326 0.0373608 0.0373187 0.0372828 0.0371805 0.0371435 0.0370727 0.0379488 0.0379066 0.0378217 0.037768 0.0377338 0.0377117 0.0377093 0.0376874 0.0376654 0.0376435 0.0376052 
0.0375833 0.0375311 0.037535 0.0375133 0.0374915 0.0374531 0.0373976 0.0373497 0.0374952 0.0374363 0.0377559 0.0377341 0.0377124 0.0376906 0.0376689 0.0376472 0.0376195 0.0375978 0.0375762 0.0381235 
0.0381592 0.0381373 0.0381154 0.0380588 0.038037 0.0380152 0.0379302 0.0378721 0.0378505 0.0377928 0.0377582 0.0376815 0.0376535 0.037632 0.0375791 0.0375488 0.0375275 0.0374765 0.0374552 0.0374331 
0.0374119 0.0373907 0.0373636 0.0373324 0.0373113 0.0375838 0.0375625 0.0375413 0.0375098 0.0375412 0.0376147 0.0375935 0.0375874 0.0375568 0.0375357 0.037498 0.0374663 0.0374453 0.0374167 0.0373398 
0.0373188 0.0372689 0.037248 0.0372272 0.0372063 0.0372186 0.0371593 0.0371385 0.0371178 0.037097 0.0370763 0.0373728 0.0373363 0.0373141 0.0372933 0.037241 0.0371706 0.03715 0.0371137 0.037093 
0.0370718 0.0370336 0.0370131 0.0369926 0.0369721 0.0369228 0.0368979 0.0368775 0.0368426 0.0368222 0.0368019 0.036761 0.0367407 0.0367205 0.0367003 0.0366801 0.0366599 0.0366397 0.0365857 0.0365656 
0.0364807 0.0364607 0.0364407 0.0364207 0.0363969 0.0363378 0.0363179 0.0362984 0.0362786 0.0362588 0.0361898 0.03617 0.0361503 0.0361306 0.0361109 0.0360674 0.0360478 0.0360282 0.0360086 0.035989 
0.0359509 0.0359314 0.0358975 0.035878 0.0360459 0.0360264 0.0360069 0.0359874 0.035968 0.0359486 0.035928 0.0359086 0.0358893 0.0358699 0.0358134 0.0357941 0.0357749 0.0357172 0.0356926 0.0356735 
0.0356493 0.0355808 0.035549 0.0355274 0.0355084 0.0354894 0.0354716 0.0354526 0.0354336 0.0354147 0.0353958 0.0353769 0.0353345 0.0353156 0.0352587 0.0352399 0.0351836 0.0351466 0.0351051 0.0350865 
0.0350703 0.0350411 0.0350141 0.0349955 0.0349719 0.0349534 0.0349349 0.0349164 0.0348733 0.0348389 0.0348205 0.0347608 0.0347424 0.0354466 0.0353876 0.035356 0.0353373 0.0352935 0.0352635 0.035245 
0.0352425 0.0352388 0.0351766 0.0353057 0.0352872 0.0358064 0.0357877 0.0357689 0.0357502 0.0357315 0.0357128 0.0356675 0.0356488 0.0356277 0.0355774 0.0355369 0.0355147 0.0354962 0.0354777 0.035525 
0.0355066 0.0354881 0.0354555 0.0354371 0.0354187 0.0353917 0.0353723 0.035333 0.0353057 0.0352874 0.0354582 0.0354265 0.0354082 0.0353444 0.0353232 0.035305 0.0352611 0.0352429 0.0352248 0.0352066 
0.0351715 0.0351149 0.0350394 0.0350214 0.0350026 0.0350153 0.0349973 0.0349497 0.0349221 0.0348849 0.0348671 0.0348348 0.0348103 0.0347925 0.034751 0.0347512 0.0347052 0.0346715 0.0346314 0.0346078 
0.0345483 0.0345277 0.0344888 0.0344537 0.0343833 0.0343658 0.0343495 0.0343321 0.0342848 0.0342477 0.0342303 0.0342081 0.0341908 0.0342647 0.0342474 0.0342302 0.0342381 0.0342066 0.0341863 0.034169 
0.0341518 0.0341162 0.034099 0.0340703 0.0340531 0.03401 0.0339906 0.0339735 0.0339564 0.0339308 0.0339137 0.0338967 0.0338797 0.0338627 0.0338458 0.0338288 0.0338119 0.033795 0.0337467 0.033707 
0.0336902 0.0336733 0.0336565 0.0337389 0.0336889 0.0336722 0.0336397 0.0336229 0.0335882 0.0335715 0.0337809 0.0337641 0.0337473 0.0337306 0.0337089 0.0336905 0.0336592 0.0336425 0.0336253 0.0336087 
0.033592 0.0335754 0.0335618 0.0335626 0.033546 0.0335294 0.0335129 0.033453 0.0334741 0.0334577 0.0334412 0.0334248 0.0334083 0.0333919 0.0333546 0.0333382 0.0333218 0.0332937 0.0332774 0.0332677 
0.0332403 0.033224 0.0332077 0.0331915 0.0337382 0.0337217 0.0336965 0.0338171 0.0337361 0.0336868 0.0336704 0.033654 0.0341024 0.0340741 0.0340576 0.0341417 0.0341251 0.0342143 0.0341977 0.0341811 
0.0341645 0.0341446 0.0342254 0.0342088 0.0341922 0.0341757 0.0341561 0.0341775 0.0341416 0.034127 0.0341106 0.0340941 0.0340777 0.0340613 0.034025 0.0340559 0.0340395 0.0340232 0.0340068 0.0339905 
0.0339421 0.0339258 0.0339096 0.0338601 0.0338439 0.0338277 0.0337835 0.0337673 0.0337511 0.033735 0.0337189 0.0336973 0.0336812 0.0336651 0.0336485 0.0336325 0.0336164 0.0335979 0.0335819 0.0335587 
0.0335598 0.0335124 0.0337347 0.0337187 0.0336672 0.0336512 0.033773 0.033757 0.0337216 0.0337056 0.0336897 0.0336494 0.0346033 0.034587 0.0345251 0.0345922 0.0345758 0.034565 0.0345212 0.034505 
0.034484 0.0344344 0.0344182 0.034393 0.0343768 0.0343564 0.0343638 0.0343476 0.0342874 0.0342714 0.0342553 0.0342392 0.0342232 0.0341847 0.0341391 0.0341231 0.0341071 0.0340912 0.0340753 0.0342048 
0.0341889 0.0341638 0.0341479 0.0341937 0.0342405 0.0342245 0.0341912 0.0341605 0.0343006 0.0342847 0.0342687 0.0342528 0.0347624 0.0347463 0.0347302 0.0347141 0.034698 0.0346819 0.0346659 0.0359778 
0.0359611 0.0359359 0.0360879 0.0361285 0.0361118 0.0360952 0.0361076 0.036091 0.0360209 0.0362312 0.0362145 0.0361824 0.0361658 0.0361492 0.0361326 0.036116 0.0360994 0.0360828 0.0360663 0.036123 
0.0360591 0.0360262 0.0360115 0.0359721 0.0359464 0.0359299 0.0367605 0.0367437 0.036727 0.0367761 0.0367504 0.0367336 0.0367169 0.0367001 0.0366834 0.0366667 0.0367238 0.0368323 0.0367716 0.0367613 
0.0367446 0.036728 0.0367113 0.0366864 0.0366697 0.0367098 0.0366932 0.0366766 0.03666 0.0366434 0.0366268 0.0366103 0.036623 0.036601 0.0365681 0.0365673 0.0365673 0.0365508 0.0365334 0.0365169 
0.0365005 0.0364841 0.0364554 0.0364299 0.0364125 0.0363903 0.0363352 0.0363189 0.0363026 0.0362864 0.0362701 0.0363932 0.0363769 0.0363606 0.0363409 0.0363247 0.0363085 0.0362856 0.0362694 0.0362508 
0.0363274 0.0364281 0.0364119 0.0363747 0.0363421 0.0363955 0.0363741 0.036347 0.0363309 0.0363003 0.0362813 0.0362949 0.0362788 0.0362627 0.0364231 0.0364069 0.0363908 0.0363312 0.0362941 0.0362781 
0.036262 0.0362423 0.0362566 0.0362862 0.0362702 0.0362314 0.0362155 0.0361849 0.036169 0.036153 0.0361371 0.0360748 0.036059 0.0360431 0.0360273 0.0361271 0.0361113 0.0360954 0.0360796 0.0360638 
0.036048 0.0360247 0.0359809 0.0359651 0.0360621 0.0361617 0.0361459 0.0362629 0.0362471 0.0362049 0.0361891 0.0361698 0.036154 0.0361675 0.0361518 0.0361346 0.0360962 0.0360805 0.0360617 0.0360453 
0.0360297 0.035982 0.0359664 0.0359558 0.0359402 0.0359246 0.0358802 0.0358647 0.0358219 0.0357947 0.0357792 0.0357633 0.0357133 0.0356978 0.0356824 0.0358327 0.0358172 0.0358018 0.035782 0.0357666 
0.0357471 0.0357317 0.0357236 0.0357386 0.0357232 0.0357079 0.0356925 0.0356772 0.0356619 0.0356466 0.0356227 0.0356075 0.0355922 0.035577 0.0355591 0.0357441 0.0357148 0.0357144 0.0356938 0.0356491 
0.0356339 0.0356417 0.0355957 0.0355806 0.0355654 0.0355466 0.0355315 0.0355163 0.0355012 0.0354838 0.0354577 0.0354426 0.0354275 0.0353982 0.0353819 0.0353669 0.0353489 0.0353281 0.0352882 0.0352733 
0.0352553 0.0352404 0.0352272 0.0351732 0.0351584 0.0351364 0.0351215 0.0351067 0.0350687 0.0350464 0.0349947 0.0349799 0.0349652 0.0349505 0.0348987 0.0348564 0.0348336 0.0348974 0.0348515 0.0363718 
0.036352 0.0363367 0.0363022 0.036287 0.0362718 0.0362566 0.0362414 0.0362263 0.0362111 0.0361597 0.0361446 0.0361197 0.0361047 0.0360441 0.0360291 0.0359952 0.0359802 0.0359652 0.0358967 0.0358818 
0.0358668 0.0358519 0.035837 0.0357917 0.0357455 0.0357001 0.0356853 0.0356705 0.0356793 0.0356645 0.0356453 0.0356305 0.0356158 0.0356745 0.0358047 0.0357745 0.0357597 0.0357548 0.0357709 0.0357561 
0.0359451 0.0359193 0.0359045 0.0358523 0.0357988 0.0357765 0.0357463 0.0357316 0.0357157 0.035701 0.0356863 0.0356717 0.0356193 0.0356046 0.03559 0.0355754 0.0355392 0.0355246 0.0355015 0.0354869 
0.0354689 0.0354456 0.0354311 0.0354166 0.0354265 0.035348 0.0353335 0.0353191 0.035298 0.0352836 0.0352692 0.0352277 0.0352088 0.0351894 0.035175 0.0351577 0.0351434 0.0351018 0.0350875 0.0350749 
0.0350404 0.0350262 0.0350009 0.0349867 0.0349364 0.0349222 0.0349081 0.0348911 0.034877 0.0348536 0.0348395 0.0348129 0.0347941 0.03478 0.0349401 0.0349232 0.0349091 0.034895 0.0348809 0.0349118 
0.0348977 0.0348582 0.0348438 0.0348298 0.0354162 0.0353946 0.0356127 0.0355814 0.0355671 0.0355512 0.035537 0.0354882 0.0354724 0.0354581 0.0355102 0.035496 0.0354818 0.0354676 0.0354375 0.0354233 
0.0354091 0.035395 0.0353809 0.0353481 0.035334 0.0353123 0.0352983 0.0352842 0.0353073 0.0352932 0.0352308 0.0352168 0.0352028 0.0352348 0.0352208 0.0352068 0.0351741 0.0351601 0.0351462 0.0351319 
0.0354674 0.0354485 0.0354345 0.0354659 0.0354519 0.0354379 0.0354422 0.035432 0.0354165 0.0354025 0.0353885 0.0353746 0.0353337 0.0353692 0.0353349 0.035321 0.0352966 0.0352827 0.0352492 0.0352259 
0.0352263 0.0352125 0.0351986 0.0352046 0.0351647 0.0351432 0.0351153 0.0350978 0.035084 0.0351134 0.0351045 0.0350908 0.0352039 0.0351713 0.0351576 0.0351418 0.0351281 0.0352422 0.0352185 0.0352048 
0.035191 0.0351773 0.0351899 0.0351762 0.0351625 0.0351425 0.0351027 0.0350649 0.0350513 0.0350016 0.0349879 0.0349744 0.034948 0.0349344 0.0349209 0.0348843 0.0348359 0.0348224 0.0348089 0.0347955 
0.034782 0.0347685 0.0347551 0.0347416 0.0347282 0.0347148 0.0347013 0.0346879 0.0346479 0.0346345 0.0346363 0.0349693 0.0349188 0.0349053 0.0348919 0.0348784 0.034865 0.0348408 0.0348274 0.03481 
0.0347966 0.0347833 0.0347628 0.0347494 0.0347361 0.0347228 0.0346921 0.0346788 0.0346655 0.0346491 0.0346282 0.034615 0.0346017 0.0345885 0.0345612 0.0345427 0.0345295 0.0345164 0.0345032 0.03449 
0.0344769 0.0344637 0.0344506 0.0344375 0.0344243 0.0344112 0.0343982 0.0343675 0.0343544 0.0343414 0.0343283 0.0343153 0.0343179 0.0343049 0.0342919 0.0342743 0.0342613 0.0342484 0.0342354 0.0342224 
0.0341957 0.0341828 0.0341693 0.0341564 0.0341369 0.0341096 0.0340705 0.0340576 0.0340121 0.0339938 0.0339592 0.0339313 0.0339186 0.0341715 0.0341496 0.0341368 0.0341237 0.0341109 0.0340981 0.0340853 
0.0340725 0.0340597 0.0340469 0.0340086 0.0341729 0.0341601 0.0341473 0.0341279 0.0341151 0.0345885 0.0345589 0.034546 0.0345391 0.0345262 0.0345133 0.0345004 0.0344875 0.0344747 0.0344618 0.0344419 
0.0344055 0.0343926 0.0343784 0.0343656 0.0343523 0.0343381 0.0343224 0.0343096 0.0342968 0.0342753 0.0342483 0.0342355 0.0342228 0.0341728 0.0341514 0.0341387 0.0341203 0.0341076 0.034095 0.0340824 
0.0340697 0.0345515 0.0345168 0.034504 0.0348244 0.0348115 0.035048 0.0350351 0.0350222 0.0349845 0.035001 0.0349881 0.0349743 0.0349615 0.0349486 0.0349436 0.0349256 0.0349128 0.0348999 0.0348871 
0.0348445 0.0348318 0.034819 0.0348062 0.0347934 0.0347807 0.0347679 0.0347552 0.0347377 0.034725 0.0347123 0.034682 0.0346693 0.0346566 0.0347356 0.0347099 0.0346929 0.0346802 0.0346675 0.0346469 
0.0346343 0.0348365 0.0348863 0.0348736 0.0348609 0.0348247 0.0348121 0.0347935 0.034796 0.0347834 0.0348479 0.0348352 0.0348226 0.034806 0.0347934 0.0347807 0.0347636 0.0347547 0.0347231 0.0347105 
0.0347173 0.0346876 0.034675 0.0346625 0.0346251 0.0346126 0.0346102 0.0345962 0.034775 0.0347664 0.0347292 0.0347167 0.0351199 0.0350904 0.0350781 0.0350536 0.035041 0.0350278 0.0349974 0.0349848 
0.0349722 0.0349187 0.0348923 0.0348402 0.0348277 0.0348152 0.0348008 0.0347856 0.0348081 0.0347957 0.0348898 0.0348773 0.0348619 0.0348246 0.0347836 0.0347596 0.0347472 0.0347348 0.0347223 0.0347099 
0.0346714 0.0346462 0.0346339 0.0346197 0.0345932 0.0345809 0.034569 0.0345458 0.0345335 0.0345212 0.034501 0.0344888 0.034468 0.0344406 0.0344284 0.0344161 0.0344039 0.0343917 0.0343795 0.0344081 
0.03438 0.0343678 0.0343556 0.0343421 0.0343299 0.0343128 0.0347035 0.0346912 0.034679 0.0346504 0.0346382 0.034626 0.0346138 0.0346015 0.0345893 0.0345608 0.0345487 0.0345365 0.0345392 0.0344994 
0.0344873 0.0344751 0.0344436 0.0344674 0.0344553 0.0344432 0.0343928 0.0343767 0.0343646 0.0343526 0.0343405 0.0343115 0.0342995 0.034261 0.0342416 0.0342297 0.0342119 0.0341967 0.0341719 0.0341495 
0.0341239 0.034112 0.0341001 0.0340673 0.0340554 0.0340435 0.0340201 0.0340079 0.0339879 0.0339761 0.0339551 0.033947 0.0339352 0.0339234 0.0339116 0.0338683 0.0338565 0.0345473 0.0345593 0.0345473 
0.0345415 0.0345295 0.0345176 0.0345056 0.0344937 0.0346304 0.0345878 0.0345758 0.0345638 0.0345517 0.0345398 0.0344983 0.0344711 0.0344592 0.0344473 0.0345866 0.0346032 0.0345913 0.0345793 0.0345662 
0.0345305 0.0345186 0.0345067 0.0344758 0.0344636 0.0344462 0.0344306 0.0344187 0.0344069 0.0343951 0.0343745 0.0343773 0.0343655 0.0343537 0.0343402 0.0343284 0.0343046 0.0344213 0.0344095 0.0344015 
0.0343897 0.0344253 0.0344136 0.0344018 0.0343858 0.0344299 0.034475 0.0344632 0.0344515 0.0344735 0.0344155 0.0344038 0.034392 0.0343475 0.0343624 0.0343507 0.034339 0.0343274 0.0343157 0.034293 
0.0342597 0.034227 0.0342154 0.0341882 0.0341487 0.0341371 0.0341176 0.0341646 0.0341121 0.0341005 0.0340889 0.0340774 0.0340603 0.0347618 0.0347408 0.0347291 0.0347173 0.0347056 0.0346899 0.0346803 
0.0346663 0.0346362 0.0346245 0.0346042 0.0345925 0.0348375 0.0348258 0.0347812 0.0347695 0.0347578 0.0347347 0.034723 0.0347113 0.0346996 0.0346879 0.0346763 0.0346646 0.034653 0.0347076 0.034696 
0.0346843 0.0348104 0.0347988 0.0347871 0.0347638 0.0347522 0.0347324 0.0347158 0.0347042 0.0346926 0.0346556 0.034644 0.0346445 0.0346109 0.0345994 0.0345878 0.0345763 0.0345648 0.0345559 0.0345436 
0.0345135 0.034502 0.0344905 0.034554 0.0345425 0.0346166 0.0346066 0.0346399 0.0346284 0.0346169 0.0346054 0.0345934 0.0345819 0.0345924 0.0345653 0.0347792 0.0347626 0.0347511 0.034736 0.0347245 
0.034713 0.0347015 0.0346816 0.0346599 0.0346485 0.034637 0.0346201 0.0346087 0.0345973 0.0346206 0.0346092 0.034581 0.0345696 0.0345583 0.0345469 0.0345355 0.0345282 0.0345052 0.0344855 0.0345048 
0.0344934 0.0344821 0.0345778 0.0346163 0.0345961 0.0345926 0.0345537 0.0345424 0.0345204 0.0345091 0.034526 0.0345147 0.0345034 0.0344921 0.0344808 0.0344695 0.0344548 0.0343999 0.0343887 0.0343747 
0.0343635 0.0343523 0.0343331 0.0343219 0.0343107 0.0342996 0.0342901 0.0342789 0.0342678 0.0342566 0.0345547 0.0345341 0.0344941 0.0344829 0.0344527 0.0344415 0.034395 0.0343566 0.0343454 0.0343343 
0.0343231 0.034312 0.0342979 0.0342868 0.0342757 0.0342598 0.0342488 0.0345438 0.0345326 0.0345026 0.0344915 0.0344803 0.0344577 0.0344466 0.0344106 0.0343995 0.0343884 0.0343773 0.0343662 0.0345025 
0.0344914 0.0344803 0.0344574 0.0344463 0.0344352 0.0343926 0.0343754 0.0343644 0.0343533 0.0343423 0.0343067 0.0342957 0.0342936 0.0342554 0.0342444 0.0342335 0.034205 0.0341828 0.0341718 0.0341547 
0.0342545 0.0342435 0.0342325 0.0342539 0.0342429 0.0342319 0.0342162 0.0341948 0.0341839 0.034128 0.0341171 0.0341062 0.0340953 0.0340387 0.0340279 0.034016 0.0339908 0.0339553 0.0339445 0.0339336 
0.0339072 0.0338964 0.0338857 0.0338618 0.033851 0.0338403 0.0338587 0.0338203 0.0338096 0.0337989 0.0337881 0.033763 0.0337452 0.0337345 0.0337238 0.0337131 0.0337024 0.0336886 0.0337357 0.0337408 
0.0337301 0.0338526 0.0338419 0.0338312 0.0338205 0.0338098 0.0337991 0.0337885 0.0337709 0.0337603 0.0337497 0.033739 0.0337284 0.0337178 0.0337071 0.0336794 0.0336641 0.0336535 0.0336429 0.0336323 
0.0335985 0.0335879 0.0335774 0.0335669 0.0335419 0.033557 0.0335465 0.0335359 0.0335254 0.0335305 0.033497 0.0334798 0.0334518 0.0334278 0.0334027 0.0337379 0.0337273 0.0337168 0.0337126 0.0337021 
0.0336915 0.0336596 0.033636 0.0336255 0.0336007 0.0335833 0.0335728 0.0335623 0.0335519 0.0335414 0.033531 0.0335205 0.0335101 0.033498 0.0334857 0.0335552 0.0335863 0.033568 0.0335724 0.033562 
0.0335483 0.0335369 0.0335241 0.0337011 0.0336906 0.0336802 0.0336698 0.0336228 0.0336124 0.0338121 0.0338016 0.0337912 0.0337776 0.0337672 0.0337565 0.0337386 0.0337198 0.0337094 0.0336989 0.0336886 
0.0336782 0.0336678 0.0336574 0.0338158 0.0337939 0.0337745 0.0337641 0.0337537 0.0339974 0.033987 0.0339765 0.0339661 0.0339549 0.0339445 0.0339341 0.03392 0.0338774 0.033867 0.0338566 0.0338462 
0.0338358 0.0338241 0.0338088 0.0338343 0.0338239 0.0338136 0.0337906 0.033777 0.0337667 0.0337526 0.033723 0.0337127 0.0336771 0.0336669 0.033651 0.0336407 0.0336305 0.033614 0.0336037 0.0335935 
0.0335619 0.0342368 0.0342264 0.034216 0.0342056 0.0341952 0.0341848 0.0341744 0.034164 0.0341427 0.0341306 0.0341125 0.0341022 0.0340918 0.0340815 0.0340691 0.0340588 0.0340484 0.0340381 0.0340168 
0.0339971 0.0339868 0.0339765 0.0340512 0.0340281 0.0340178 0.0339924 0.0339822 0.0339719 0.0339616 0.0339553 0.0339346 0.0339244 0.0339142 0.0339007 0.033901 0.0338908 0.0338805 0.0339527 0.0339164 
0.0339052 0.033895 0.0338848 0.0338527 0.0338301 0.03382 0.0337878 0.033766 0.0337558 0.0337457 0.0337132 0.0337031 0.0336929 0.0336867 0.0336766 0.0336998 0.0336897 0.0336796 0.0336695 0.0336594 
0.0336494 0.0336393 0.0336292 0.0336192 0.0336091 0.0335991 0.0336241 0.0336141 0.0336041 0.033594 0.033584 0.033574 0.033564 0.0335385 0.0335285 0.0335416 0.0335334 0.0335072 0.0334956 0.0334736 
0.0334637 0.0334414 0.0334315 0.0334552 0.0334452 0.0334202 0.0334103 0.0333969 0.033387 0.0333771 0.0333672 0.0333573 0.033369 0.0333591 0.0333492 0.0333394 0.0333174 0.0333076 0.0332978 0.0332879 
0.0333138 0.0333039 0.0332728 0.033263 0.0332531 0.0332433 0.0332127 0.0334094 0.0333996 0.0333813 0.0333715 0.0333524 0.0333298 0.03332 0.0333089 0.0332991 0.0332893 0.0332795 0.0332697 0.0332537 
0.0332896 0.0332798 0.03327 0.0332602 0.0332505 0.0332292 0.0332171 0.0331894 0.0331795 0.0331543 0.0331445 0.0331056 0.0330959 0.0330831 0.0330734 0.0331216 0.0331119 0.033141 0.0331017 0.033092 
0.0330824 0.0331144 0.0331047 0.0330951 0.0330854 0.0330758 0.0330661 0.0330565 0.0330412 0.0330316 0.033022 0.0330124 0.0330027 0.0329931 0.0329835 0.0329739 0.0329644 0.0329548 0.0329452 0.0329356 
0.032918 0.0329084 0.0328989 0.0328893 0.0328798 0.0328703 0.0329037 0.0328942 0.0328707 0.0328753 0.0328657 0.0328479 0.0328384 0.0328289 0.0328063 0.0327968 0.0327662 0.0327567 0.0327473 0.0329019 
0.0328904 0.032857 0.0328475 0.032838 0.0328285 0.0328072 0.0327978 0.0327712 0.0327602 0.0327328 0.0327234 0.032714 0.0327082 0.0326988 0.0326894 0.0327339 0.0327336 0.0327242 0.032689 0.0326796 
0.0326702 0.0326608 0.0326515 0.0326452 0.0326255 0.0326161 0.0326792 0.0326699 0.0327248 0.0327155 0.0327061 0.0326967 0.0326874 0.0326827 0.0326734 0.032664 0.0326547 0.0326454 0.032636 0.0326134 
0.0326007 0.0325835 0.0325742 0.0325835 0.0325622 0.0325182 0.0325089 0.0324785 0.032463 0.0324537 0.032452 0.0324427 0.0324268 0.0324073 0.0323952 0.0323717 0.032346 0.0323451 0.0323128 0.0323037 
0.0323605 0.0323513 0.0323422 0.032333 0.0323238 0.0323025 0.0322933 0.0322842 0.032275 0.0322659 0.032255 0.0322492 0.0322394 0.0322164 0.0322073 0.0322418 0.0322327 0.0322236 0.0322127 0.0321854 
0.0321763 0.0321683 0.0321426 0.0321335 0.0321244 0.0321154 0.0321063 0.0320973 0.0321755 0.0321664 0.0321574 0.0321428 0.0321316 0.032122 0.0321129 0.032092 0.0320816 0.0320726 0.0320567 0.0320471 
0.0320303 0.0320213 0.0320123 0.0320033 0.0321628 0.0321282 0.032114 0.032105 0.032096 0.032087 0.0320691 0.0320601 0.0320511 0.0320421 0.0320332 0.0320242 0.0320153 0.0320063 0.031989 0.03198 
0.0319711 0.0319622 0.0319533 0.0319444 0.0319354 0.0319613 0.0319524 0.0319366 0.0319277 0.0319188 0.0319098 0.0318968 0.0318879 0.0318772 0.0318547 0.031833 0.0319879 0.0319543 0.0319272 0.0319184 
0.0318923 0.0318835 0.0318766 0.0318678 0.0320805 0.0320716 0.0320627 0.0320538 0.0320449 0.0320361 0.0320166 0.0319982 0.0319893 0.0319805 0.0319716 0.0319628 0.0319473 0.0319314 0.0319114 0.0319026 
0.0318937 0.0318848 0.031876 0.0318672 0.0318584 0.0318397 0.0318516 0.0318428 0.0318341 0.031841 0.0318803 0.0318715 0.0318339 0.0318251 0.0318115 0.0317984 0.0317897 0.0317809 0.0318814 0.0318726 
0.0318497 0.0318409 0.0318322 0.0318234 0.0318165 0.0318078 0.031799 0.0317868 0.0317738 0.0317673 0.0317586 0.0318023 0.0317936 0.0317807 0.0317682 0.0317595 0.0317508 0.0317421 0.0317334 0.0317248 
0.0317161 0.0317059 0.031762 0.0317446 0.0317359 0.0317272 0.0317186 0.03171 0.0317013 0.0316927 0.031684 0.031672 0.0316634 0.0316548 0.0316462 0.0316376 0.031629 0.0316171 0.0316085 0.0316 
0.0315914 0.0315828 0.0315742 0.0315656 0.0315571 0.0315485 0.0315327 0.0315242 0.0315157 0.0315071 0.0314986 0.0314855 0.031477 0.0314685 0.0314599 0.0314514 0.0314289 0.0315159 0.0314915 0.0316569 
0.0316376 0.0316282 0.0316196 0.0315763 0.0315982 0.0315897 0.0315727 0.0315642 0.0315557 0.0315471 0.0315393 0.0315241 0.0316413 0.0316328 0.0316243 0.0316158 0.0316073 0.0315988 0.0315903 0.0315818 
0.0315733 0.031548 0.0315396 0.0315311 0.0315226 0.0315126 0.0314931 0.0314776 0.0314692 0.0314607 0.031564 0.0315543 0.0315415 0.031533 0.0315246 0.0315162 0.0315162 0.0315061 0.0315324 0.031524 
0.0315214 0.0314913 0.0314741 0.0314657 0.0314562 0.0314478 0.0314394 0.031431 0.0314352 0.0314268 0.0313937 0.0315149 0.0314946 0.0314755 0.0314605 0.0314521 0.0314438 0.0314354 0.0314271 0.0314187 
0.0314019 0.0313868 0.0313784 0.0313701 0.0313618 0.0313451 0.0313368 0.0313258 0.0313175 0.0313092 0.0313009 0.0312926 0.0312821 0.0312738 0.0312607 0.0312524 0.0312441 0.0312358 0.0312276 0.0312193 
0.0313031 0.0313094 0.0313011 0.0312862 0.031278 0.0312697 0.0312614 0.0312532 0.0312352 0.031227 0.0312098 0.0312146 0.0311798 0.0311716 0.0311634 0.0311469 0.031109 0.0311008 0.031087 0.0310789 
0.0310596 0.0310515 0.0310433 0.0310351 0.0310187 0.0310106 0.0309982 0.0309891 0.0309688 0.030963 0.0309548 0.0309438 0.0309442 0.0313836 0.0313593 0.0313638 0.0313493 0.0313411 0.0313248 0.0313166 
0.0314487 0.0314121 0.0314039 0.0313908 0.0313826 0.0313772 0.0313615 0.0313533 0.0313451 0.0317097 0.0317014 0.0320738 0.0320655 0.0320557 0.0320473 0.0320246 0.0320163 0.0320128 0.0320466 0.0320357 
0.0320274 0.0321692 0.0321608 0.0321524 0.0321441 0.032143 0.0321306 0.0321223 0.0321139 0.0321056 0.0320972 0.0320889 0.0320724 0.0320641 0.0320495 0.0320341 0.0320258 0.0320175 0.0320092 0.0320611 
0.0320665 0.0320582 0.0320414 0.0320207 0.0319917 0.0319834 0.0319752 0.0320464 0.0320381 0.0320298 0.0320541 0.0320405 0.0320287 0.0320205 0.0320122 0.0322225 0.0323649 0.0323646 0.0323562 0.0323465 
0.0323382 0.0323299 0.0323055 0.0322972 0.0322924 0.0322811 0.0322728 0.0322645 0.0322517 0.03225 0.0322407 0.0322324 0.0322094 0.0322011 0.0321824 0.0321701 0.0321619 0.032149 0.0321408 0.0321325 
0.0321243 0.0321161 0.0320931 0.0320713 0.0320631 0.0320549 0.0320469 0.0320088 0.0319759 0.0319677 0.032799 0.0327906 0.0327822 0.0327739 0.0327655 0.0327571 0.0327879 0.0327751 0.0327638 0.0327645 
0.0327561 0.0327371 0.0329109 0.0329026 0.0328688 0.0328622 0.0328538 0.0328329 0.0328245 0.0328162 0.0328078 0.0327995 0.0328076 0.0327958 0.0329191 0.0329322 0.0329238 0.0329155 0.0329161 0.0329077 
0.0328919 0.0328835 0.0328679 0.0328673 0.032859 0.0328506 0.0328423 0.032834 0.0328224 0.0328119 0.032801 0.0329232 0.0329149 0.0329065 0.03288 0.0328717 0.0328634 0.0328551 0.0328468 0.0328385 
0.0328283 0.0328478 0.0328395 0.0328312 0.0328241 0.0328159 0.0328013 0.032793 0.0327847 0.0327765 0.0327682 0.0327661 0.0327541 0.0327459 0.0327377 0.0327027 0.0326817 0.0327413 0.0327318 0.0327236 
0.0327154 0.0327061 0.0326979 0.0326856 0.0326774 0.0326692 0.0326571 0.0326489 0.0326439 0.0327668 0.0327586 0.032743 0.0327468 0.0327386 0.0327304 0.0327222 0.0327141 0.0327059 0.0326977 0.0326895 
0.0327674 0.0327592 0.032751 0.0327428 0.0327346 0.0327265 0.0327183 0.0327101 0.0326912 0.0326804 0.0326669 0.0326588 0.0326506 0.0326291 0.0326004 0.0325896 0.0325815 0.0325734 0.0325653 0.0325478 
0.032518 0.0325099 0.0325011 0.0324931 0.032485 0.0324769 0.0324689 0.0324608 0.0324528 0.0324447 0.0324367 0.0324286 0.0324168 0.0324088 0.0323981 0.0324207 0.0324127 0.0324046 0.0323952 0.032379 
0.032371 0.0323629 0.0323549 0.0323586 0.0323816 0.0323736 0.0323656 0.0323616 0.0323474 0.0323394 0.0323314 0.0323235 0.0323155 0.0323075 0.0322767 0.0322531 0.0322357 0.0322278 0.0322677 0.0322598 
0.0322518 0.0322295 0.0323061 0.0323245 0.0323166 0.0323086 0.0324497 0.0324418 0.0324338 0.0324258 0.0324025 0.0324407 0.0324327 0.0324024 0.0324008 0.0323928 0.0323849 0.032377 0.032369 0.0323446 
0.0323367 0.0323288 0.0323085 0.0322988 0.0322909 0.032283 0.0322583 0.0322504 0.0322425 0.0322346 0.0322267 0.03221 0.0321872 0.0321713 0.0321635 0.0321491 0.0321256 0.0321168 0.0321089 0.0320745 
0.0320607 0.0320529 0.0321345 0.0321333 0.0321254 0.0321176 0.0321324 0.0321246 0.0321148 0.032107 0.0320992 0.0320991 0.0320913 0.0320662 0.0322912 0.0322833 0.032274 0.0322614 0.0322459 0.0322247 
0.0322169 0.03231 0.0322999 0.032292 0.032266 0.0322582 0.03225 0.0322422 0.0322344 0.0322163 0.0322085 0.0322007 0.032188 0.0321914 0.0321836 0.0321758 0.032168 0.0321602 0.0321684 0.0322267 
0.0322206 0.0322118 0.032204 0.0323535 0.0323457 0.0323315 0.0323237 0.0323042 0.0323428 0.0323245 0.0322951 0.0322873 0.0322795 0.0322662 0.0322584 0.0322507 0.0322429 0.0322215 0.0321997 0.032192 
0.0321843 0.0321765 0.0321363 0.0321286 0.0321135 0.0321058 0.0320981 0.0320904 0.0320827 0.032075 0.0320673 0.0320596 0.0320519 0.0320326 0.032016 0.0320064 0.0322076 0.0321949 0.0321869 0.0321792 
0.0321715 0.0321638 0.0321506 0.0321392 0.0321072 0.0320995 0.0320919 0.0320833 0.0320906 0.0320787 0.032071 0.0320634 0.0320558 0.0320448 0.0320371 0.0320077 0.0320067 0.0319991 0.0319915 0.031981 
0.0319734 0.0319658 0.0319581 0.0319603 0.0319527 0.0319437 0.0319361 0.0319285 0.0319834 0.0319716 0.0319544 0.0319468 0.0319263 0.0319155 0.0318934 0.0318858 0.0318669 0.0318362 0.0318287 0.0318212 
0.0318102 0.0318027 0.0318367 0.0318292 0.0318216 0.0318141 0.0318066 0.0317813 0.0317738 0.0317696 0.0317621 0.0317421 0.0317341 0.0317266 0.0317191 0.0316976 0.0316901 0.0316699 0.0316624 0.0316597 
0.0316523 0.0316448 0.0316373 0.0316299 0.0316242 0.0316168 0.0316093 0.0316019 0.0315944 0.031587 0.0315796 0.0315721 0.0315647 0.031542 0.0315346 0.0315272 0.031505 0.0314976 0.0314882 0.0314783 
0.0318135 0.0318061 0.0317955 0.0317881 0.0317806 0.0317699 0.0318533 0.0318459 0.0318439 0.0318223 0.0321121 0.0321046 0.0320971 0.0320865 0.032078 0.0320698 0.0320503 0.0320383 0.0320308 0.0320175 
0.0319997 0.0319922 0.03197 0.0319625 0.0319551 0.0320823 0.0320749 0.03205 0.0320825 0.0320866 0.0320791 0.0320716 0.0320642 0.0320567 0.0320572 0.0320497 0.0320423 0.0320348 0.0320273 0.0320199 
0.0320125 0.0319983 0.0319909 0.0319795 0.0319704 0.031963 0.0319555 0.0319481 0.0319407 0.0319302 0.0319228 0.0319137 0.0319106 0.0325654 0.0325579 0.0325478 0.0325301 0.0325226 0.0325071 0.0324996 
0.0324921 0.0324846 0.032477 0.0324695 0.032462 0.0324433 0.0324351 0.0324276 0.0324201 0.0324126 0.0324004 0.032386 0.0323731 0.0323656 0.0323942 0.0326201 0.0326046 0.0325847 0.0325772 0.0325795 
0.032572 0.0325645 0.03254 0.0325293 0.0325007 0.0326917 0.0326842 0.0326755 0.0326835 0.0326709 0.0326634 0.032875 0.0328674 0.032854 0.0328465 0.0328389 0.0328289 0.0328192 0.0328117 0.0328041 
0.0327951 0.0327876 0.0327678 0.0327507 0.0327432 0.0327357 0.0327282 0.0327041 0.032837 0.0328294 0.0328219 0.0328196 0.0328121 0.0328046 0.0327971 0.0327896 0.0327822 0.0327676 0.0327602 0.0327942 
0.0327867 0.0327786 0.0327711 0.03276 0.0327525 0.032745 0.032809 0.0328015 0.0327941 0.0328131 0.0328056 0.0327981 0.03279 0.0327934 0.0327717 0.0327642 0.0327518 0.0329088 0.0329013 0.0328938 
0.0328836 0.0328762 0.0329932 0.0331269 0.0331194 0.0331074 0.0330999 0.0330924 0.0330847 0.0330771 0.0330798 0.0330723 0.0335222 0.0335146 0.033507 0.0334949 0.0334873 0.0334797 0.0334722 0.0334646 
0.03345 0.0334263 0.0334066 0.0333991 0.0333915 0.033384 0.0333732 0.0333657 0.0333582 0.0333506 0.0333431 0.033442 0.0335562 0.0335549 0.0335474 0.0335398 0.0335322 0.0335112 0.0335037 0.0334961 
0.0334886 0.033481 0.0334586 0.0335114 0.0335039 0.0334817 0.0334601 0.0334484 0.0336084 0.0336008 0.0335906 0.033583 0.0335755 0.0335679 0.0335604 0.0335469 0.0335394 0.0335314 0.0335222 0.0335012 
0.0334937 0.0334836 0.0334683 0.0334419 0.0334968 0.033598 0.0335905 0.0336218 0.0336119 0.0336043 0.0335968 0.0335793 0.0335718 0.0335569 0.033535 0.0335274 0.0335045 0.0334805 0.0334599 0.0334524 
0.0334449 0.0334375 0.03343 0.0336525 0.033645 0.0336375 0.03363 0.0336182 0.0336107 0.0336033 0.0335877 0.0335802 0.0335728 0.0335653 0.0335578 0.0335504 0.0335215 0.0335141 0.0335066 0.0334793 
0.0334718 0.0334551 0.0334476 0.0334376 0.0334302 0.0334228 0.0334153 0.0334055 0.0333981 0.0333907 0.0333679 0.0333417 0.0333343 0.0333269 0.0333196 0.0333181 0.0333606 0.0333447 0.0333373 0.0333299 
0.0333155 0.0333051 0.0332872 0.0333685 0.0333361 0.0332936 0.0332823 0.0332613 0.0332539 0.0332466 0.0332392 0.0332303 0.0332229 0.0332156 0.0332083 0.0331877 0.0331803 0.0334336 0.0334263 0.0334189 
0.0334107 0.0333934 0.033386 0.0333741 0.0333738 0.0333665 0.0333526 0.0333344 0.033327 0.033316 0.0333087 0.0333014 0.0332941 0.0332818 0.0332745 0.0332424 0.0332322 0.0332367 0.0332168 0.0333151 
0.0333025 0.0332952 0.0332794 0.0332721 0.0332502 0.0332378 0.0332052 0.0331979 0.0331907 0.0331834 0.0331762 0.0331575 0.0331814 0.0331738 0.0331665 0.0331593 0.033152 0.0331448 0.0331375 0.0331301 
0.0331001 0.0330929 0.0330856 0.033061 0.0330526 0.0330454 0.0330288 0.0330216 0.0330053 0.0329752 0.032968 0.0329608 0.0329536 0.0329384 0.0329877 0.0329804 0.0329732 0.0329661 0.032957 0.0329577 
0.0329326 0.0329207 0.0329135 0.0329064 0.0328992 0.0328921 0.032885 0.0328778 0.0328707 0.0328636 0.0328841 0.0328623 0.0328552 0.0330229 0.0330157 0.0330086 0.0329867 0.0329795 0.032959 0.0329519 
0.0329247 0.0329176 0.0329104 0.0328886 0.0328815 0.0328743 0.0328672 0.0328601 0.0330751 0.0330692 0.0330516 0.0330227 0.0330156 0.0330085 0.0330013 0.0329942 0.0329871 0.0329762 0.032969 0.0329619 
0.0329954 0.0329852 0.0329781 0.032971 0.0330552 0.0330345 0.0330274 0.0330104 0.0329903 0.0329832 0.0329761 0.0332847 0.0332776 0.0332705 0.0335388 0.0335242 0.0335164 0.0335092 0.033502 0.0334948 
0.0334624 0.0334378 0.0334134 0.0334062 0.0334123 0.0334338 0.0334197 0.0334126 0.0334054 0.0333983 0.0333858 0.0333787 0.0333716 0.0333602 0.0333531 0.033346 0.0333388 0.0333317 0.0333246 0.0333175 
0.0333103 0.0333045 0.0332974 0.0332903 0.0332788 0.0332611 0.033254 0.0332469 0.0332399 0.0332328 0.0332257 0.0332174 0.0331973 0.0331793 0.0331722 0.0331622 0.0331534 0.0331464 0.0331383 0.0331173 
0.0331061 0.0330991 0.033092 0.033085 0.033078 0.0330709 0.0330566 0.0330492 0.0330421 0.0330247 0.0330177 0.0330107 0.0330005 0.0329854 0.032963 0.0329561 0.0329491 0.0329421 0.0330415 0.0330345 
0.0330213 0.0330058 0.0329989 0.0329688 0.0330009 0.0329928 0.0329873 0.0329866 0.0329584 0.0329446 0.0329373 0.0329304 0.0329214 0.0329144 0.0329074 0.0329005 0.0328881 0.0328782 0.0328712 0.0328643 
0.0328574 0.0328487 0.0328417 0.0328257 0.0328188 0.0328082 0.0327868 0.0327799 0.032773 0.0327626 0.0327557 0.0327488 0.032742 0.0327263 0.0327194 0.0327125 0.0327056 0.0326988 0.0326699 0.032663 
0.0326522 0.0326528 0.0327252 0.0327467 0.0327398 0.032733 0.0327261 0.0327183 0.0327114 0.0326879 0.032681 0.0326742 0.0326668 0.0328007 0.0327938 0.032787 0.0327801 0.0327732 0.032757 0.0327413 
0.0327281 0.0327209 0.0327105 0.0327037 0.0326969 0.0326898 0.0326729 0.0326661 0.0326566 0.0326454 0.0326312 0.0326244 0.0326172 0.0326074 0.0326006 0.0325938 0.032587 0.0325802 0.0325636 0.0325537 
0.0325469 0.03253 0.0325232 0.0325052 0.0324872 0.0324804 0.0324736 0.0324564 0.0324496 0.0324429 0.0324361 0.0324203 0.0324105 0.0324037 0.0323805 0.0323738 0.0323671 0.0323453 0.0323386 0.0323319 
0.0323177 0.032311 0.0323043 0.0322976 0.0322776 0.0322709 0.0322642 0.0322608 0.0322433 0.0322221 0.0322154 0.0322087 0.0322021 0.0321869 0.0321676 0.0321536 0.0321933 0.0321866 0.0321799 0.0321496 
0.0321429 0.0321334 0.0321267 0.0321157 0.0320938 0.0320872 0.0320806 0.0320763 0.0320636 0.0320405 0.0320339 0.0320273 0.0320201 0.0320135 0.0320048 0.0319983 0.0319917 0.0319797 0.0319732 0.0319666 
0.0319462 0.0319396 0.0319331 0.0319265 0.0319059 0.0318836 0.0319878 0.0319812 0.0319747 0.0319681 0.0319988 0.0319922 0.0319857 0.0319649 0.0319943 0.0319878 0.0319764 0.032184 0.0321774 0.0321708 
0.0321623 0.0321558 0.0321471 0.0321405 0.0321164 0.0321098 0.0321021 0.0320879 0.0320813 0.0320747 0.0320682 0.0320616 0.0320551 0.0320485 0.032042 0.0320354 0.0320289 0.0320224 0.0320013 0.0319991 
0.0320071 0.0320006 0.0319813 0.0319721 0.0319637 0.0319572 0.03195 0.0319434 0.0320035 0.0319797 0.0319732 0.0319667 0.0319601 0.0319536 0.0319419 0.031935 0.0319285 0.0319112 0.0318993 0.0318928 
0.0318863 0.0318777 0.0318815 0.0318751 0.0318686 0.0318621 0.0318509 0.0318408 0.0318344 0.0318279 0.0318199 0.0318443 0.0318522 0.0318457 0.0318393 0.0318328 0.0318193 0.0318125 0.0318053 0.0317852 
0.0317788 0.0317605 0.0317541 0.0317477 0.0317413 0.0317349 0.0317699 0.0317635 0.031757 0.0317506 0.0317388 0.0317324 0.031726 0.0317196 0.0317132 0.0317356 0.0317292 0.0317228 0.0318397 0.0318332 
0.0318268 0.0318204 0.031814 0.0317915 0.0317851 0.0317725 0.0317661 0.0317597 0.0317533 0.0317469 0.0317252 0.0317173 0.03171 0.0317036 0.03168 0.0316736 0.0316672 0.0316599 0.0316745 0.0316681 
0.0316618 0.0316554 0.0316345 0.0316276 0.0316213 0.0316149 0.0316086 0.0316214 0.0316151 0.031596 0.0315897 0.0315834 0.0315771 0.0315743 0.0315679 0.0315616 0.0315553 0.031549 0.0315427 0.0315364 
0.0315279 0.0315095 0.0315583 0.031552 0.0315457 0.0315394 0.0315331 0.0315231 0.0315168 0.0315105 0.0315042 0.0314979 0.0314825 0.0314743 0.031468 0.0314617 0.0314846 0.0314783 0.0314519 0.0314398 
0.0314255 0.0314205 0.0314133 0.0314071 0.0314008 0.0313946 0.0313848 0.0313785 0.0313723 0.0313516 0.0313453 0.0313391 0.0313264 0.0313201 0.0313139 0.0313077 0.0313015 0.0312953 0.0312891 0.0312829 
0.031273 0.0312608 0.0312414 0.0312352 0.0312291 0.0312222 0.0312287 0.0312225 0.0312054 0.0311964 0.0311902 0.0311947 0.0311912 0.0311849 0.0311787 0.0311942 0.0311881 0.0312053 0.0311991 0.0311929 
0.0311999 0.0311938 0.0311876 0.0311815 0.0311816 0.0311729 0.0311668 0.0311606 0.0313 0.0312912 0.0312851 0.0312739 0.0313124 0.0313211 0.0313149 0.0313088 0.0313026 0.0312951 0.031285 0.0312895 
0.0312834 0.0312772 0.0312711 0.0312647 0.0312467 0.0312393 0.0313557 0.0313495 0.0313434 0.0313372 0.0313496 0.0313453 0.0314149 0.0314087 0.0313975 0.0313995 0.0313934 0.0313872 0.031381 0.0313749 
0.0313687 0.0313473 0.0313412 0.0313311 0.0313466 0.0313405 0.0313313 0.0313251 0.0313044 0.0314121 0.031482 0.0314759 0.0314697 0.0314636 0.0315135 0.0315073 0.0315011 0.0315646 0.0315584 0.0315523 
0.0317674 0.0317612 0.031755 0.0317488 0.031731 0.0317248 0.0317404 0.0317342 0.031728 0.0317218 0.0317199 0.0317137 0.0317075 0.0316976 0.0319161 0.0319149 0.0319087 0.031914 0.0319078 0.0319016 
0.0318893 0.0318673 0.0318492 0.031843 0.0318369 0.0318307 0.0318144 0.0318056 0.0317994 0.0317932 0.0317871 0.0317604 0.0317542 0.0317481 0.0317414 0.0317353 0.031729 0.0317061 0.0316999 0.0316938 
0.0316877 0.0316815 0.0316754 0.0316662 0.0316574 0.0316472 0.031641 0.0316456 0.0316394 0.0316208 0.0316147 0.0317704 0.0317643 0.0317504 0.0317442 0.0317381 0.031709 0.0317029 0.0316967 0.0316906 
0.0316842 0.0316985 0.0316924 0.0316863 0.0316802 0.0316741 0.031668 0.0316737 0.0316607 0.0316841 0.0317409 0.0317145 0.0317084 0.0316854 0.0316793 0.0317343 0.0317282 0.0317111 0.0316998 0.0316821 
0.031676 0.0316699 0.0316478 0.0316417 0.0316356 0.0316295 0.0316235 0.0316144 0.0316058 0.0315996 0.0315935 0.0315874 0.0315814 0.0315636 0.0315576 0.0315465 0.0315247 0.0316083 0.0316023 0.0315962 
0.0315902 0.0315817 0.0315599 0.0315539 0.0315479 0.0315418 0.0315358 0.0315298 0.0315237 0.0315058 0.0314997 0.0314937 0.0314827 0.0314677 0.0314617 0.0314557 0.0314425 0.0314365 0.0314216 0.0314156 
0.0313969 0.0313884 0.031419 0.031413 0.031407 0.0313924 0.031386 0.03138 0.0313741 0.0313681 0.0313621 0.0313491 0.0313417 0.0313357 0.0313298 0.0313238 0.0313136 0.0313077 0.0313017 0.0312958 
0.0312898 0.0312839 0.0312779 0.0312684 0.0312559 0.0312498 0.0312438 0.0312379 0.0317741 0.0317673 0.0317612 0.0317552 0.0317492 0.0317346 0.0318201 0.0318182 0.0317989 0.0317842 0.0317782 0.0317722 
0.0317662 0.0317601 0.0317541 0.0317335 0.0317275 0.0317215 0.0317155 0.0317095 0.0317553 0.0317399 0.0317168 0.0317108 0.0317048 0.0316952 0.031691 0.031696 0.03169 0.031684 0.0316781 0.0316702 
0.0316642 0.0316583 0.0316498 0.0317378 0.0317181 0.0317121 0.0317062 0.0316982 0.0316854 0.0316687 0.0316656 0.0316522 0.0316444 0.0316384 0.0318422 0.0318356 0.0318296 0.0318236 0.0318177 0.0318117 
0.0318116 0.0318514 0.0318454 0.0318394 0.031982 0.031976 0.03197 0.031964 0.031958 0.031952 0.031946 0.03194 0.031934 0.031928 0.031922 0.0319161 0.0319101 0.0318998 0.0318938 0.0318879 
0.0318819 0.0318647 0.0318587 0.0318527 0.0318468 0.0318401 0.0318165 0.0318068 0.031795 0.0317848 0.0318161 0.0318101 0.0318042 0.0317983 0.0317874 0.0317815 0.0317567 0.0317508 0.0319858 0.0319776 
0.0319716 0.0319646 0.0319586 0.0320386 0.0320326 0.0320149 0.0320089 0.032003 0.031997 0.0319911 0.0319821 0.0319785 0.0320356 0.0320296 0.0320235 0.0320117 0.0319999 0.031994 0.0321157 0.0321098 
0.0321203 0.0321137 0.0321127 0.0321068 0.0321456 0.0321397 0.0321337 0.0323199 0.0323008 0.0322949 0.0322811 0.0322751 0.032384 0.0323779 0.0323485 0.0323425 0.0323365 0.0323305 0.0323075 0.0323074 
0.0323015 0.032369 0.0325629 0.0325569 0.0325355 0.0325295 0.0325235 0.0325162 0.0325039 0.0324884 0.0324858 0.0324688 0.0324628 0.0324568 0.0324508 0.0324444 0.0324378 0.0324318 0.0324258 0.0324198 
0.0324138 0.032407 0.0324018 0.0323955 0.0323826 0.0323767 0.0323707 0.0323647 0.0323588 0.0323528 0.0323638 0.0323578 0.0323519 0.0323673 0.0323614 0.032384 0.0323781 0.0323709 0.0323686 0.0323619 
0.0323559 0.0323723 0.0323664 0.0323604 0.0323541 0.0323278 0.0323218 0.0323108 0.0323048 0.0322841 0.0322915 0.0323146 0.0323086 0.0322979 0.0322801 0.0322742 0.0322683 0.0322624 0.0322527 0.0322468 
0.0322397 0.0322338 0.0322279 0.032222 0.0322108 0.0322049 0.032181 0.0321724 0.0321665 0.0321607 0.0321548 0.0321489 0.032143 0.0321372 0.0321313 0.0321254 0.032118 0.0321324 0.0321265 0.0321188 
0.0321129 0.032107 0.0321012 0.0320953 0.0320895 0.0320803 0.0320745 0.0320709 0.032065 0.0320592 0.0321214 0.0321156 0.0321097 0.0320954 0.0320895 0.0320837 0.0320779 0.032065 0.0320592 0.0320534 
0.0320362 0.0320256 0.0320197 0.0320147 0.0320085 0.0320168 0.032011 0.031992 0.0319718 0.0319564 0.031944 0.0319294 0.0319117 0.031898 0.0318923 0.0318851 0.0318744 0.0318673 0.0318615 0.0318557 
0.0318757 0.0318574 0.0318517 0.0318459 0.0318701 0.0318643 0.0322321 0.0322245 0.0322186 0.0322128 0.0322035 0.0321977 0.0321919 0.032172 0.0321547 0.0321425 0.0321367 0.0323582 0.0323491 0.0323432 
0.0323374 0.0323316 0.0323257 0.0323199 0.0323141 0.0324283 0.0324095 0.0324405 0.0324347 0.0324288 0.032423 0.0324172 0.0324113 0.032401 0.0323952 0.0325635 0.0325576 0.0325439 0.0325355 0.0325255 
0.0325121 0.0325062 0.0325004 0.0324946 0.0324804 0.0324746 0.0324687 0.0324601 0.0324704 0.0324645 0.0324587 0.0324529 0.0324471 0.0324413 0.0324354 0.0324251 0.0324171 0.0324217 0.0324158 0.03241 
0.0324042 0.0323972 0.0323913 0.0323856 0.032378 0.0323776 0.0323718 0.032359 0.0323446 0.0323388 0.032333 0.0323272 0.0323214 0.0323061 0.0323003 0.0322945 0.0322888 0.032283 0.0322772 0.0322648 
0.032259 0.0322533 0.0322475 0.0322418 0.032236 0.0322224 0.0322167 0.032209 0.0321948 0.032189 0.0321665 0.0321651 0.0321495 0.0321438 0.0321355 0.0321298 0.032124 0.0321183 0.0321413 0.0321356 
0.0321299 0.0321192 0.0321135 0.0321029 0.0320832 0.0320775 0.0320612 0.0320555 0.0320498 0.0320441 0.0320384 0.0320327 0.032027 0.0320184 0.0320716 0.0320559 0.0320502 0.0320446 0.0320396 0.0320391 
0.0320167 0.032011 0.0320054 0.0319909 0.0319852 0.0319796 0.0319739 0.0319682 0.0319626 0.0319515 0.0319459 0.0319402 0.0319269 0.0319212 0.0319156 0.0319202 0.0319146 0.0319089 0.0318876 0.031882 
0.0320349 0.0320232 0.0320278 0.0320058 0.0320001 0.0319945 0.0319888 0.0319794 0.031964 0.0320039 0.0319982 0.0319926 0.0319869 0.0319784 0.0319728 0.0319672 0.0319615 0.0319368 0.031922 0.0319163 
0.0319107 0.0319051 0.0318995 0.0318842 0.0318713 0.0318657 0.0318464 0.0318408 0.0318289 0.0318233 0.0318306 0.0318247 0.0318067 0.0318011 0.0317955 0.0317864 0.0317808 0.0317643 0.0317587 0.0317531 
0.0318053 0.0317997 0.0317941 0.031789 0.0317887 0.03177 0.0317644 0.0317469 0.0317353 0.0317297 0.0317242 0.0317186 0.0316944 0.0316886 0.0316831 0.031716 0.0317024 0.0316969 0.0316914 0.0316858 
0.0316797 0.0316741 0.0317507 0.0317349 0.0317293 0.0317204 0.0317139 0.0317083 0.0317028 0.0317004 0.0316922 0.0317039 0.0316983 0.0318036 0.0317919 0.0317864 0.031776 0.0317705 0.0317649 0.0317476 
0.031742 0.0317511 0.0317456 0.0317377 0.0317322 0.0317266 0.0317204 0.0317149 0.0317094 0.031699 0.0316935 0.0316826 0.0316767 0.0316721 0.0316919 0.0316827 0.0317233 0.0317136 0.0317081 0.0317824 
0.031772 0.0317665 0.0317609 0.0317554 0.0317499 0.0318157 0.0318055 0.0318 0.0317945 0.031789 0.0317807 0.0317741 0.031766 0.0317432 0.0317351 0.0317296 0.0317241 0.0317391 0.0317336 0.0317265 
0.031721 0.0317156 0.0317084 0.0317009 0.0316923 0.031691 0.0316795 0.031674 0.0318092 0.0318037 0.0317983 0.0317702 0.0317454 0.0317348 0.0317293 0.0317239 0.0317184 0.0317059 0.0317004 0.0316949 
0.0316865 0.0316739 0.0316685 0.031663 0.0316576 0.0316353 0.0316255 0.0316201 0.0316357 0.0316302 0.0316219 0.0316164 0.031611 0.0315984 0.0315876 0.0315821 0.031564 0.0315487 0.0315422 0.0315352 
0.0315297 0.0315242 0.0315188 0.031513 0.0315052 0.0315902 0.0315848 0.0315793 0.0315739 0.0315629 0.0315575 0.0315521 0.0315467 0.0315371 0.0315317 0.0315263 0.0315185 0.0315131 0.031503 0.0314976 
0.0314922 0.0314868 0.0314814 0.0315151 0.0315097 0.0315043 0.0314972 0.0314999 0.0314781 0.031471 0.031524 0.0315154 0.03151 0.0315046 0.0314992 0.0314904 0.031485 0.0314728 0.0314474 0.031442 
0.0314265 0.0314212 0.0313992 0.0313938 0.0313885 0.0313725 0.0313672 0.0313572 0.0313518 0.0313465 0.0313351 0.0313234 0.0313181 0.0313005 0.0312952 0.0312898 0.0312714 0.0312657 0.0312604 0.0312551 
0.0312498 0.0312445 0.0312392 0.0312339 0.0312286 0.0312232 0.0312179 0.0312103 0.031205 0.0312154 0.0312053 0.0312 0.0312449 0.0312396 0.0312313 0.0312161 0.0312109 0.0312114 0.0312156 0.0312103 
0.031204 0.0311835 0.0311782 0.0311729 0.0311676 0.0311543 0.031149 0.031129 0.0311237 0.0311099 0.0310914 0.0310796 0.0310699 0.0310652 0.0310599 0.0310547 0.0310379 0.0310326 0.0310274 0.0310187 
0.0310125 0.0310073 0.0310021 0.0309968 0.0309916 0.0309864 0.0309811 0.0309759 0.0310563 0.0310468 0.0310415 0.0310348 0.031026 0.0310105 0.0310053 0.0310116 0.0310064 0.0309985 0.0309855 0.0309802 
0.030975 0.0309698 0.0309679 0.0309563 0.0309511 0.0309459 0.0309245 0.0309193 0.0309141 0.0309089 0.0309037 0.0308932 0.030888 0.0308828 0.0308776 0.0308725 0.0308554 0.0308437 0.0308369 0.0308191 
0.030814 0.030809 0.0308039 0.0307987 0.0307935 0.0307826 0.0307774 0.0307644 0.030775 0.0307698 0.0308412 0.0308273 0.0308068 0.0307982 0.0307842 0.030769 0.0307507 0.0307367 0.030728 0.0307229 
0.0307152 0.0307094 0.0307043 0.0306942 0.0306891 0.0306694 0.0306643 0.0306591 0.030654 0.0306466 0.0306498 0.0306447 0.0306396 0.0306345 0.0306294 0.0306242 0.0306191 0.0306119 0.0306068 0.0305973 
0.0305724 0.0305673 0.0305602 0.0305551 0.03055 0.030545 0.0305321 0.030527 0.0305151 0.03051 0.0305001 0.0304928 0.0304877 0.0304785 0.0304658 0.0304772 0.0304708 0.0304551 0.0304501 0.030445 
0.03044 0.0304349 0.0304181 0.0304131 0.030408 0.0304077 0.0304026 0.0303976 0.0304011 0.030396 0.030391 0.0303859 0.030366 0.030425 0.0304199 0.03041 0.0304035 0.0303979 0.0304141 0.0304061 
0.0305708 0.0305613 0.0305563 0.030537 0.0305319 0.0305227 0.0305177 0.0305127 0.0305052 0.0305002 0.0304951 0.0304838 0.0304788 0.0304673 0.0304637 0.0304535 0.0304431 0.0304383 0.0304251 0.0304201 
0.0304151 0.0304075 0.0304004 0.0303966 0.0303916 0.0303839 0.0303645 0.030359 0.030354 0.030349 0.030344 0.0303331 0.0304467 0.0304291 0.0304241 0.0304191 0.0304141 0.030409 0.030404 0.030399 
0.030394 0.0303891 0.0303741 0.0303618 0.0303655 0.0303605 0.0303556 0.0303364 0.0303314 0.0303264 0.0303468 0.0303329 0.030317 0.0303156 0.0303106 0.0303057 0.030294 0.0302768 0.0302718 0.0302669 
0.0302493 0.0302359 0.030231 0.030226 0.0302152 0.0302102 0.0302053 0.0302004 0.0301954 0.0301939 0.0301889 0.030184 0.0301791 0.0301741 0.0301692 0.0301643 0.0301525 0.0302566 0.0302517 0.0302467 
0.0302418 0.0302368 0.0302257 0.0302208 0.0302013 0.0301964 0.0301914 0.0301768 0.0301718 0.0301665 0.0301615 0.0301561 0.030144 0.0301391 0.0301342 0.0301253 0.0301204 0.030112 0.0301357 0.0301246 
0.0301197 0.030115 0.0301101 0.0301052 0.030099 0.0300904 0.0300855 0.0300664 0.0300615 0.0300531 0.0300482 0.0300475 0.0300422 0.0300373 0.0300324 0.0300255 0.0300206 0.0300163 0.0300115 0.0300096 
0.0300047 0.0299998 0.029995 0.0299901 0.0299852 0.0300074 0.0300026 0.0299959 0.029991 0.0299805 0.0299756 0.0299708 0.0301702 0.0301465 0.0301416 0.030133 0.0301281 0.0301232 0.0301012 0.0300963 
0.0300793 0.0300745 0.0300696 0.0300647 0.030047 0.0300421 0.0300331 0.0300282 0.0300234 0.0300185 0.0300111 0.0300062 0.0300014 0.0299958 0.0299857 0.0299809 0.029976 0.0299712 0.0299663 0.0299565 
0.0299515 0.0299456 0.0299408 0.0299746 0.0299697 0.0299649 0.0299504 0.0299375 0.029913 0.0299082 0.0300081 0.0300032 0.0299984 0.0299885 0.0299837 0.0299736 0.0299688 0.0299603 0.0299545 0.0299497 
0.0299406 0.0299358 0.0299641 0.0299693 0.0299606 0.0299542 0.0299493 0.0299595 0.0299503 0.0299455 0.0299361 0.0299313 0.0299265 0.0299217 0.0299169 0.0299121 0.0299073 0.0299025 0.0299284 0.0299236 
0.0299188 0.0299143 0.0298997 0.0298949 0.0298901 0.0299464 0.0299389 0.029951 0.0299462 0.0300051 0.0300052 0.0300004 0.0299909 0.0299827 0.0299779 0.0303118 0.0303069 0.0302989 0.030294 0.0302892 
0.0302843 0.0302795 0.0302734 0.0302623 0.0302575 0.0302535 0.0302486 0.0302438 0.0302347 0.0302194 0.0302146 0.0302097 0.0302049 0.0301956 0.0301908 0.030186 0.0301812 0.0301626 0.0301577 0.0301425 
0.0301723 0.030165 0.0301602 0.0302008 0.0301953 0.0301905 0.0301765 0.0301717 0.0301669 0.0301621 0.0301573 0.0301486 0.0301438 0.0301427 0.0301379 0.0301331 0.0301283 0.0301235 0.0301188 0.0301048 
0.0300903 0.0300696 0.0300648 0.03006 0.030055 0.0300444 0.0300397 0.0300226 0.030018 0.0300132 0.0300085 0.0300037 0.0299989 0.0299942 0.0299894 0.0299689 0.0300049 0.0300725 0.0300578 0.0300677 
0.030063 0.0300582 0.0300535 0.0300754 0.030112 0.0301245 0.0301197 0.0301138 0.0301091 0.0300983 0.0300935 0.0300814 0.0300766 0.0300719 0.0300583 0.0300471 0.0300218 0.030017 0.0300123 0.0299986 
0.0299921 0.0299874 0.0299727 0.0299566 0.0299365 0.0299317 0.0299422 0.0299375 0.0299328 0.0299281 0.0299177 0.029913 0.0298999 0.0298949 0.0298845 0.0298798 0.0298739 0.02988 0.0298738 0.0298691 
0.0298644 0.0298541 0.0298432 0.0298921 0.0298804 0.0298757 0.029871 0.0298663 0.0298447 0.0298335 0.0298288 0.0298638 0.0298546 0.0298664 0.0298567 0.0298521 0.0298474 0.0298427 0.029838 0.0298334 
0.0298287 0.0298089 0.0298016 0.0298503 0.0298456 0.0298409 0.0298362 0.0298316 0.0298269 0.0298222 0.0298051 0.0298005 0.0297958 0.0297911 0.0297806 0.0298097 0.0298051 0.0298004 0.0297958 0.0297911 
0.0297864 0.0297733 0.0297687 0.029764 0.0297594 0.0297547 0.0297491 0.0297241 0.0297194 0.0297148 0.0297102 0.029693 0.0296883 0.0296814 0.0296986 0.0297538 0.0297491 0.0298045 0.0299758 0.0299711 
0.0299664 0.0299618 0.029938 0.0299363 0.0299316 0.0299259 0.0299892 0.0299845 0.0299798 0.0299752 0.0299705 0.0299659 0.0299612 0.0299565 0.0299519 0.0299472 0.029961 0.0299563 0.0299516 0.0299463 
0.0299416 0.029937 0.0301005 0.0300959 0.0300912 0.0300865 0.0300819 0.0300712 0.0300665 0.0300537 0.0300405 0.0300358 0.0300246 0.0300199 0.0300106 0.030006 0.0299875 0.0300881 0.030078 0.0300733 
0.0300687 0.030192 0.0301873 0.0301826 0.0301763 0.0301753 0.0302543 0.0302458 0.0302411 0.0302364 0.0302317 0.0302271 0.0302223 0.0302133 0.0302086 0.0302039 0.0301993 0.0301915 0.0301869 0.0301815 
0.0301768 0.0301881 0.0303178 0.0303131 0.0303085 0.0302962 0.0302915 0.0302868 0.0302724 0.0302657 0.0302995 0.0302859 0.0302812 0.0302766 0.0302697 0.0302562 0.0302515 0.0302404 0.0302357 0.0302294 
0.0302247 0.0302134 0.030204 0.0301994 0.0301913 0.0301807 0.0302862 0.0302815 0.0302769 0.0302709 0.0302605 0.0302736 0.0302679 0.0302633 0.0302586 0.0302541 0.0302495 0.0302448 0.0302402 0.0302317 
0.0302271 0.0302183 0.0302034 0.0301987 0.0301931 0.0301773 0.0301726 0.0301611 0.0301552 0.0301387 0.0301337 0.0301278 0.0301232 0.0301185 0.0301139 0.0301101 0.0300985 0.0300939 0.0300893 0.0300847 
0.0300801 0.0300755 0.0300709 0.0300528 0.0300372 0.0300326 0.030028 0.0300198 0.0300152 0.0300106 0.030006 0.0300015 0.0299969 0.0299923 0.0299877 0.0299832 0.0299766 0.0299721 0.0299675 0.0299681 
0.0299636 0.029959 0.0299544 0.0299498 0.029938 0.0299335 0.0299289 0.0299244 0.0299198 0.0299153 0.0299749 0.0299703 0.030377 0.0303724 0.0303538 0.0303492 0.0303662 0.0303851 0.0303802 0.0303756 
0.030371 0.0303648 0.0303832 0.0303786 0.0303633 0.0303587 0.0303425 0.0303379 0.030335 0.0303304 0.0303258 0.0303212 0.0303166 0.030312 0.0303075 0.0303029 0.0302958 0.0302912 0.0302791 0.0302745 
0.03026 0.0302554 0.0302508 0.0302462 0.0302416 0.0302308 0.0302262 0.0302284 0.0302189 0.0302117 0.0302071 0.030201 0.0303116 0.030307 0.0303011 0.0302965 0.0302881 0.0302835 0.030279 0.0302744 
0.030269 0.0302644 0.0302529 0.0302483 0.0302403 0.0302357 0.0302218 0.0302172 0.0302121 0.0302091 0.0301997 0.0301952 0.0301906 0.030218 0.030225 0.0302205 0.0302159 0.0302114 0.0302124 0.0302078 
0.0302035 0.0301919 0.0301807 0.0301761 0.0301716 0.0301668 0.0301623 0.0301577 0.0301647 0.0301684 0.0301639 0.0301593 0.0301548 0.0301503 0.0301458 0.0301412 0.0301389 0.0303959 0.0303914 0.0303801 
0.0303745 0.0303699 0.0303543 0.0303498 0.0303444 0.0303398 0.0304803 0.0304716 0.0304563 0.0304518 0.0304467 0.0304422 0.0304342 0.0304296 0.0304251 0.0304205 0.0304159 0.0304128 0.0304044 0.0303998 
0.0303953 0.030387 0.030378 0.0303735 0.0304047 0.0304002 0.0303911 0.0303893 0.0303848 0.0303772 0.0303727 0.0304505 0.0304459 0.0304414 0.0304368 0.0304207 0.0304162 0.0304116 0.0303963 0.0303913 
0.0303715 0.0304193 0.0304148 0.0304102 0.0304509 0.0304464 0.0304418 0.0304235 0.03091 0.030909 0.0309405 0.0309359 0.0309266 0.030922 0.0309174 0.0309128 0.0309082 0.0309036 0.030899 0.030889 
0.0308844 0.0308798 0.0308752 0.0308706 0.030866 0.0308614 0.0308544 0.0308498 0.0308453 0.030836 0.0308315 0.0308269 0.030816 0.0308115 0.0308069 0.0308016 0.030797 0.030792 0.0307868 0.0307681 
0.0307536 0.030749 0.0307445 0.0307363 0.0307318 0.0307681 0.0307623 0.0307539 0.0307446 0.0307407 0.0307353 0.0308089 0.030798 0.0307934 0.0307833 0.0307787 0.0307742 0.0307696 0.0307602 0.0307468 
0.0307393 0.030733 0.0307263 0.0307217 0.0307172 0.0307127 0.0307081 0.0307051 0.0307006 0.0306841 0.0306796 0.0306742 0.0306643 0.0306444 0.0307233 0.0307188 0.0307089 0.0307044 0.0306999 0.0306954 
0.0306906 0.030686 0.0306768 0.0306723 0.0306677 0.0306632 0.0306575 0.030653 0.0306485 0.0306747 0.0306996 0.0306854 0.0306808 0.0306763 0.0306718 0.0306673 0.0306628 0.0306553 0.0306461 0.0306327 
0.0306282 0.0306579 0.0307768 0.030809 0.0308973 0.0308817 0.0309257 0.0309211 0.0309166 0.0309121 0.0309039 0.0308993 0.0308948 0.0308902 0.0308857 0.030879 0.0308745 0.03087 0.0308654 0.0308609 
0.0308428 0.0308441 0.0308396 0.030929 0.0309284 0.0309239 0.0309143 0.030908 0.0309035 0.030899 0.0308893 0.0308848 0.0308803 0.0308757 0.0308712 0.0308667 0.0308622 0.0308557 0.0308512 0.0308403 
0.0308358 0.0308313 0.0308268 0.0308223 0.0308178 0.0308133 0.0308088 0.0308043 0.0307994 0.0307949 0.0307857 0.0307812 0.0307788 0.030773 0.0307685 0.0307618 0.0307573 0.0307528 0.0307574 0.0307504 
0.0307579 0.0307534 0.0307489 0.0307779 0.0307734 0.030769 0.0307645 0.0307586 0.0307542 0.0307497 0.0307452 0.0307354 0.030731 0.0307127 0.0307083 0.0307022 0.030695 0.0306906 0.0306861 0.0306795 
0.030675 0.0306705 0.0306964 0.0306914 0.030687 0.0306729 0.0306921 0.0306877 0.0306832 0.0306788 0.0306743 0.0306699 0.0306654 0.030661 0.0306565 0.0306521 0.0307577 0.0309653 0.0309874 0.0309697 
0.0309652 0.0309501 0.0309456 0.0309412 0.0309367 0.030942 0.0309448 0.0309403 0.0309359 0.0309272 0.0309227 0.0309182 0.0309138 0.0308981 0.0308936 0.0308874 0.0308785 0.0309013 0.0308968 0.0308924 
0.0308879 0.0309104 0.0308928 0.0308883 0.0308839 0.0308727 0.0308682 0.0308637 0.0308593 0.0308526 0.0308481 0.0308437 0.0308351 0.0308186 0.0308141 0.0308097 0.0308053 0.0308008 0.0308118 0.0308074 
0.0307978 0.0307934 0.0307825 0.0308354 0.0308309 0.0308265 0.0308168 0.0308113 0.0308068 0.0308024 0.0308496 0.0308451 0.0308407 0.0308276 0.030812 0.0308075 0.0309109 0.0309065 0.030902 0.0308976 
0.0309051 0.0309067 0.0309023 0.0308979 0.0309051 0.0309007 0.0312358 0.0312155 0.031211 0.0312132 0.0312087 0.0312042 0.0311979 0.0311934 0.0311937 0.0311893 0.0311738 0.0311694 0.0311649 0.0311687 
0.0311643 0.0311568 0.0311544 0.03115 0.0311455 0.0311342 0.0311329 0.0311299 0.0311254 0.031121 0.0311165 0.0311112 0.0311708 0.0311681 0.0311636 0.0311572 0.0311527 0.0311483 0.0311438 0.0311394 
0.0311349 0.0311305 0.0311228 0.0311107 0.0311063 0.0311018 0.0310974 0.0310929 0.0310885 0.0310841 0.0310796 0.0310774 0.0310759 0.0310511 0.0310466 0.0310422 0.0310378 0.0310334 0.0310289 0.0310527 
0.0310419 0.0310374 0.0310341 0.0310314 0.031027 0.0310226 0.0310084 0.031004 0.0309949 0.030985 0.0309777 0.0309679 0.0309688 0.0309644 0.0311696 0.0311791 0.0311746 0.0311688 0.0311643 0.0311599 
0.0311501 0.0311326 0.0311281 0.0311217 0.0311076 0.0311013 0.0310969 0.0310925 0.0311831 0.0311787 0.0311777 0.0311733 0.0311681 0.0311529 0.0311447 0.0311324 0.031128 0.0311236 0.0311185 0.0311141 
0.0311213 0.0311498 0.0311454 0.0311409 0.0311303 0.0311259 0.0311215 0.0311171 0.0311127 0.0311083 0.0311008 0.0310964 0.031092 0.031079 0.0310746 0.0310702 0.0310633 0.0310762 0.0310618 0.0310574 
0.0310531 0.0310478 0.0310435 0.0310391 0.0310233 0.0310127 0.0311632 0.0311588 0.0311546 0.0311502 0.0311458 0.0311414 0.031137 0.0311308 0.0311264 0.0311347 0.0311268 0.0311224 0.031118 0.0311137 
0.0311093 0.0311049 0.0311005 0.0311321 0.0311277 0.0311251 0.0311208 0.0311164 0.0311331 0.0311287 0.0311243 0.0312364 0.031232 0.0312276 0.0312232 0.0312188 0.0312144 0.0312118 0.0312357 0.0312281 
0.0312361 0.0312317 0.0312274 0.031223 0.0312101 0.0312057 0.0311993 0.0311949 0.0311922 0.0311878 0.0311834 0.0323138 0.0323092 0.0323047 0.0323002 0.0322957 0.0322911 0.0322866 0.0322821 0.0322733 
0.0322688 0.0322984 0.032288 0.0322831 0.0322786 0.0322706 0.032307 0.0322903 0.0323526 0.0323481 0.0323436 0.0323391 0.0323345 0.0323271 0.0323251 0.0323206 0.0323131 0.0323049 0.0322939 0.0322799 
0.0322754 0.0322566 0.0322521 0.032234 0.0322742 0.0322547 0.0322502 0.0322347 0.0322288 0.0322243 0.0322198 0.0322153 0.0322097 0.0322026 0.0322195 0.0322057 0.0321881 0.0321836 0.0321791 0.032192 
0.0321876 0.0321831 0.0321786 0.0321741 0.0321685 0.0321611 0.0321566 0.0321521 0.0321463 0.0321415 0.032137 0.0322001 0.0321956 0.032167 0.0321625 0.032158 0.0321536 0.0321513 0.0321447 0.0321335 
0.0321291 0.0321246 0.0321109 0.0321065 0.0320863 0.0320818 0.0321527 0.0321438 0.0321365 0.032132 0.0321075 0.0321013 0.0320969 0.0320924 0.0320837 0.032075 0.0320692 0.0320617 0.0320539 0.0321034 
0.0320989 0.0320789 0.0320745 0.03207 0.0320554 0.0320509 0.032055 0.0320505 0.0320474 0.032043 0.0320386 0.0320342 0.0320308 0.0320264 0.0320191 0.0320019 0.0319974 0.0319862 0.031974 0.0319627 
0.0319806 0.0319762 0.0319718 0.0319673 0.0319681 0.0319637 0.0319575 0.031953 0.0319486 0.0319431 0.0319387 0.0319934 0.031989 0.0319906 0.0319763 0.0319722 0.031966 0.0319547 0.0319503 0.0319459 
0.0319399 0.0319355 0.0319311 0.0319263 0.0319094 0.0319004 0.031896 0.0318864 0.0318797 0.0318753 0.0318705 0.0318626 0.0318583 0.0318539 0.0318672 0.0318489 0.0318445 0.031829 0.0318246 0.0318203 
0.0318159 0.0318115 0.0317994 0.0317942 0.0317898 0.0317745 0.0317703 0.0317659 0.0317615 0.031757 0.0317515 0.0317471 0.0317428 0.0318699 0.0318655 0.0318611 0.0318568 0.0318424 0.0318369 0.0318325 
0.0318282 0.0318238 0.0318194 0.031813 0.0318084 0.0318021 0.0318006 0.0318552 0.031846 0.0318348 0.0318304 0.0318261 0.0318217 0.0318174 0.031811 0.0318055 0.0318012 0.0317968 0.0317925 0.0317881 
0.0317999 0.0317954 0.0317911 0.0317867 0.0318354 0.0318311 0.0318267 0.0318224 0.031818 0.0318137 0.0318093 0.0318273 0.031823 0.0318375 0.0318354 0.0318311 0.0318267 0.0318148 0.0318105 0.0318062 
0.0318425 0.0318382 0.0318307 0.0318474 0.0318431 0.0318795 0.0318751 0.0318671 0.0318626 0.0318583 0.0318534 0.031849 0.0318447 0.0318396 0.0318353 0.0318226 0.031811 0.0318067 0.0320985 0.0320941 
0.0320898 0.0320854 0.0320811 0.0320767 0.0320551 0.032192 0.0321876 0.0321833 0.0321786 0.0321743 0.0321699 0.0321655 0.0321612 0.0321568 0.0321524 0.0321481 0.0321437 0.0321394 0.0321294 0.0321144 
0.03211 0.0321057 0.0321013 0.0320949 0.0320905 0.0320862 0.0320888 0.0320744 0.03207 0.0320657 0.0320613 0.0320511 0.0320468 0.0320424 0.0320428 0.0320326 0.0320283 0.032024 0.0320196 0.032007 
0.0320027 0.0319984 0.0320033 0.031999 0.0319947 0.0321596 0.0321552 0.032144 0.0321359 0.032121 0.0321167 0.0321124 0.032108 0.0320981 0.0320813 0.0320729 0.0320686 0.0320566 0.0320431 0.0320383 
0.032034 0.0320297 0.0320207 0.0320163 0.032012 0.0320077 0.0320237 0.0320194 0.0320151 0.0320108 0.0320065 0.0320022 0.0319946 0.0319903 0.031986 0.0320897 0.0320854 0.0322932 0.0322888 0.0322774 
0.0322731 0.0322663 0.0322552 0.0322508 0.0322333 0.0322257 0.0322213 0.0322028 0.032181 0.0321767 0.0321666 0.0321544 0.032145 0.0321407 0.0321338 0.0321294 0.0321251 0.0321208 0.0321165 0.0321122 
0.0321079 0.0321049 0.0321006 0.0320963 0.032092 0.0320804 0.0320762 0.0320719 0.0320676 0.0320633 0.032059 0.0320536 0.0320493 0.032045 0.0320407 0.0320251 0.0320308 0.0320266 0.0320223 0.0320818 
0.0320711 0.0320668 0.0320625 0.0320469 0.0320426 0.0320383 0.0320233 0.032019 0.0320075 0.0320031 0.0319988 0.0320029 0.0319986 0.0321374 0.0321331 0.0321873 0.0321792 0.0321749 0.0322702 0.0322659 
0.0322616 0.0322746 0.0322703 0.0322556 0.0322502 0.0322459 0.0322416 0.0322373 0.032233 0.0322219 0.0322176 0.032211 0.0322067 0.0322024 0.0321948 0.0322335 0.0322236 0.0322194 0.0321968 0.0321883 
0.032184 0.0321797 0.0321756 0.0321713 0.032166 0.0321541 0.0321434 0.0321391 0.0321555 0.0321513 0.032147 0.0321427 0.0321385 0.0321342 0.0321263 0.0321219 0.0321176 0.0321134 0.0321086 0.0320876 
0.0320833 0.0320765 0.0320673 0.0320602 0.0320559 0.0320425 0.0320333 0.032029 0.0320248 0.0320206 0.0320163 0.0320077 0.0320035 0.0319992 0.032009 0.0319978 0.0319935 0.0319893 0.0319758 0.0319884 
0.0319781 0.0319739 0.0319697 0.0319634 0.0319591 0.0319549 0.0319507 0.0319461 0.0319328 0.031928 0.0319238 0.0319165 0.0319987 0.0319945 0.0319763 0.031972 0.0319678 0.0319636 0.0319594 0.0319528 
0.0319453 0.0319357 0.0319315 0.0319273 0.0319231 0.031908 0.0319038 0.0318939 0.0318897 0.031873 0.0318688 0.0318523 0.0318481 0.0318427 0.0318838 0.0318952 0.031891 0.0318925 0.0318883 0.0318841 
0.03188 0.0318758 0.0318646 0.0318617 0.0319661 0.0319613 0.0319571 0.0319529 0.0319487 0.0319445 0.0319394 0.0319318 0.0319273 0.0319231 0.0319218 0.0319166 0.0319125 0.0319083 0.031907 0.0318925 
0.0318883 0.0319193 0.0319151 0.031909 0.0319063 0.0318941 0.0318828 0.0318786 0.0318915 0.0318874 0.0318832 0.0318707 0.0318666 0.0318567 0.0318525 0.0318484 0.0318442 0.0318465 0.0318345 0.0318238 
0.0318197 0.0318155 0.0318063 0.0318065 0.0318417 0.0318269 0.0318227 0.031814 0.0318126 0.0318078 0.0317972 0.0317747 0.0317706 0.0317947 0.0317906 0.0317864 0.0318402 0.0318317 0.0318449 0.0318377 
0.0318335 0.0318234 0.0318192 0.031815 0.0318109 0.0318067 0.0318026 0.0318154 0.0318113 0.0318006 0.0317964 0.0317923 0.0317882 0.0317835 0.0317794 0.0318069 0.0318014 0.031862 0.0318506 0.0318464 
0.0318423 0.0318355 0.0318279 0.0319087 0.0319046 0.0320005 0.031989 0.0319774 0.0319733 0.0319578 0.0319646 0.0319604 0.0319563 0.0319507 0.0319522 0.031942 0.0319378 0.0319337 0.0319295 0.0319254 
0.0319212 0.0319171 0.031913 0.0319088 0.0319047 0.0318892 0.0318851 0.0318817 0.0318775 0.0319417 0.0319375 0.0319334 0.0319293 0.0319251 0.0319206 0.0319165 0.0319123 0.0319082 0.0319041 0.0318999 
0.0318958 0.0318917 0.0318754 0.0318712 0.0318671 0.0318637 0.0318595 0.0318554 0.0318513 0.031844 0.0318293 0.0318252 0.031821 0.0318169 0.0318128 0.0317947 0.0317956 0.031782 0.0317759 0.0317718 
0.0317677 0.0317636 0.0317595 0.0317554 0.0317513 0.0317472 0.0317431 0.031739 0.0317272 0.0317231 0.0317179 0.0317607 0.0317566 0.0317585 0.0317544 0.0317503 0.0317462 0.0317421 0.031734 0.0317367 
0.0317326 0.0317285 0.0317506 0.0317465 0.0317424 0.0317445 0.0317339 0.0317298 0.0317257 0.0317216 0.0318315 0.0318222 0.0318125 0.0318841 0.03188 0.0318806 0.031874 0.0318911 0.0318815 0.0318774 
0.0318733 0.0318614 0.0318531 0.031849 0.0318449 0.0318408 0.0318367 0.0318496 0.0318348 0.0318307 0.0318294 0.0318233 0.0318143 0.0318102 0.0319194 0.0319153 0.0319042 0.0318969 0.031914 0.0319096 
0.0319059 0.0319018 0.0318944 0.0318903 0.0318862 0.0318698 0.0318759 0.03186 0.0318593 0.0318523 0.0318975 0.031893 0.0318889 0.0318894 0.0318834 0.0318793 0.0318753 0.0318782 0.0318671 0.0318631 
0.031859 0.0318493 0.0318452 0.0318469 0.031839 0.031835 0.0318309 0.0318268 0.0318228 0.0318294 0.0318224 0.0318094 0.0318005 0.0317964 0.0317821 0.031778 0.031774 0.0317707 0.0317667 0.0317575 
0.0317525 0.0317485 0.0319666 0.0319648 0.0319607 0.0319567 0.031948 0.0319405 0.0319365 0.0319324 0.0319283 0.0319243 0.0319131 0.0319181 0.031914 0.03191 0.0319059 0.0318932 0.0318892 0.0324701 
0.032466 0.0324618 0.0324577 0.0324536 0.0324486 0.0324437 0.0325121 0.032508 0.0325038 0.0324997 0.0324956 0.0324915 0.0324852 0.032481 0.0324747 0.0324706 0.0324693 0.0324643 0.0324602 0.0324471 
0.0324429 0.0324409 0.0324367 0.0324276 0.0324235 0.0324352 0.0324311 0.032427 0.0324228 0.0324154 0.0324113 0.0323959 0.0323918 0.0323854 0.0323813 0.0323772 0.0323662 0.0323617 0.0323576 0.0323535 
0.0323494 0.0323453 0.0323412 0.0323371 0.032332 0.0323089 0.0323048 0.0323007 0.0322967 0.0322926 0.0322885 0.0322844 0.0322803 0.0322761 0.0322672 0.0322619 0.0322968 0.0323841 0.0323801 0.0323689 
0.0323629 0.0323589 0.0323548 0.0323507 0.0323466 0.0323421 0.0323377 0.0323305 0.0323166 0.0323125 0.0323085 0.0323044 0.0323062 0.0323021 0.032298 0.032294 0.0322899 0.0322897 0.0322976 0.0322858 
0.0322817 0.0322777 0.0322717 0.0322676 0.0322636 0.0322823 0.0322783 0.0322822 0.0323012 0.0322971 0.0322812 0.0322709 0.0322651 0.0322572 0.0322531 0.0322491 0.032245 0.0322432 0.0322529 0.0322489 
0.0322404 0.0322363 0.0322323 0.0322282 0.0322242 0.0322202 0.0322161 0.0322096 0.032201 0.0321969 0.0321905 0.032185 0.032181 0.0321718 0.0322161 0.0322121 0.032208 0.0322004 0.0322217 0.0322092 
0.0322052 0.0321965 0.0321925 0.0321884 0.0321844 0.0321773 0.0321652 0.03217 0.0323084 0.0323043 0.0323003 0.0322958 0.0322918 0.0322877 0.0322837 0.0322797 0.0322756 0.0322716 0.032266 0.0322556 
0.0322486 0.0322446 0.0322406 0.0322365 0.0322548 0.0322507 0.0322467 0.0322427 0.0322387 0.0322279 0.0322239 0.0322198 0.0322043 0.0322139 0.0322043 0.0321977 0.0321937 0.0321879 0.032192 0.0321872 
0.0321832 0.0321792 0.0321673 0.0321632 0.0321592 0.0321552 0.0321512 0.0321472 0.0321432 0.0321209 0.0321126 0.0321059 0.0320993 0.0320953 0.0320878 0.0320838 0.0320798 0.0320691 0.0320651 0.032061 
0.0320547 0.0323331 0.0323279 0.0323217 0.0323177 0.0323101 0.0323188 0.0323145 0.0323068 0.0323028 0.0322959 0.032292 0.032288 0.0322839 0.0322799 0.0322759 0.0322719 0.032267 0.032263 0.032259 
0.032255 0.0322474 0.0322968 0.0322928 0.0322964 0.0322924 0.0323078 0.0323038 0.0322989 0.0322949 0.0322899 0.0322859 0.0322819 0.0322755 0.0322715 0.0322834 0.0322754 0.0322708 0.0323013 0.0322973 
0.0322933 0.0322893 0.0322854 0.0322814 0.0322774 0.0322688 0.0322648 0.0322608 0.0322568 0.0322512 0.0322472 0.0322433 0.0322393 0.0322298 0.0322258 0.0322052 0.0322573 0.0322533 0.0322493 0.0322453 
0.0322362 0.0322234 0.0322194 0.0322069 0.0322503 0.0322463 0.0322423 0.0322373 0.0322325 0.0322226 0.0322186 0.03221 0.0322064 0.0322024 0.032187 0.0321831 0.0321791 0.0321693 0.0321653 0.0321587 
0.0321548 0.0321404 0.0321364 0.0321864 0.032261 0.0322546 0.0322506 0.0322456 0.0322416 0.0322376 0.0322337 0.0322339 0.03223 0.0322273 0.0322204 0.032206 0.0322021 0.0321981 0.0322032 0.0321954 
0.0321793 0.032165 0.0321611 0.0321571 0.0321532 0.0321492 0.0321453 0.0321413 0.0321374 0.0321334 0.0321295 0.0321256 0.032112 0.0321081 0.0321041 0.0320951 0.0320893 0.0320853 0.0320725 0.0320685 
0.0320561 0.0320522 0.0320462 0.032036 0.0320269 0.0320296 0.0320089 0.032005 0.0320003 0.0319964 0.0319854 0.0319767 0.0319562 0.0319444 0.0319404 0.0319365 0.0319326 0.0319287 0.0319248 0.0319195 
0.0319043 0.0319004 0.0318924 0.0318875 0.0318836 0.0318797 0.0318759 0.0319224 0.0319185 0.031914 0.031906 0.0319024 0.0318985 0.0318925 0.0318886 0.0318847 0.0318808 0.031877 0.0318693 0.0319008 
0.0319278 0.0319141 0.0319077 0.0319038 0.0318917 0.0318878 0.0319051 0.0319012 0.0318973 0.0318934 0.0318895 0.0318856 0.0318818 0.0319689 0.0319571 0.0319532 0.0319585 0.0319546 0.0319435 0.0319397 
0.0319242 0.0319562 0.0319523 0.0319484 0.0319375 0.0319337 0.0319298 0.0319259 0.0319281 0.0319242 0.0319347 0.0319151 0.0319112 0.0319073 0.0319035 0.0318996 0.0319338 0.0319299 0.031923 0.0319191 
0.0318903 0.0318865 0.0318775 0.0318736 0.0318575 0.0318537 0.0318498 0.0318459 0.0318419 0.0318288 0.031825 0.0318211 0.0318096 0.0318058 0.0318006 0.0317967 0.0317935 0.0318012 0.0317994 0.0317886 
0.0317847 0.0317809 0.0317743 0.0317659 0.0317598 0.0318005 0.0317967 0.0317928 0.0317841 0.0317915 0.0317835 0.0317777 0.0317738 0.03177 0.0317661 0.0317623 0.0317585 0.0317546 0.0317508 0.0317836 
0.0317798 0.0317759 0.0317721 0.0317683 0.0317644 0.0317606 0.0317568 0.0317529 0.0317491 0.0317453 0.0317414 0.0317367 0.0317281 0.0317188 0.0317149 0.031711 0.0316977 0.0316938 0.0317611 0.0317433 
0.0317394 0.0317292 0.0317254 0.0317133 0.0317095 0.0317056 0.0317018 0.0316934 0.0316896 0.0316856 0.0316818 0.0316729 0.0316691 0.0316653 0.0316615 0.0316577 0.031652 0.0316482 0.0316444 0.0316406 
0.0316316 0.0316278 0.031624 0.0316099 0.0316062 0.0316024 0.0315939 0.0316052 0.0315946 0.03159 0.0315729 0.0315691 0.0315653 0.0315616 0.0315578 0.0315729 0.0315691 0.0315558 0.0315415 0.0315377 
0.0315328 0.0315337 0.0315299 0.0315261 0.0315224 0.0315186 0.031512 0.0315055 0.0315671 0.0315633 0.0315595 0.0315557 0.031552 0.0315482 0.0315444 0.0315983 0.0316011 0.0315934 0.031604 0.0315943 
0.0315905 0.0315867 0.0316653 0.0316615 0.0316558 0.031652 0.0316483 0.0316674 0.0316602 0.0316564 0.0316526 0.0316489 0.0316451 0.0316521 0.0317079 0.0317041 0.0316975 0.0316937 0.0316887 0.0316849 
0.0316812 0.0316727 0.0316678 0.0316625 0.0316587 0.0316738 0.0316656 0.0316619 0.0316558 0.031652 0.0316466 0.0316412 0.0316374 0.0316295 0.0316256 0.0316218 0.0316357 0.03163 0.0316262 0.0316205 
0.0316167 0.0316099 0.0315968 0.0315931 0.0315958 0.0315829 0.0315791 0.0315754 0.0315716 0.0315626 0.0315512 0.0315475 0.0315437 0.03154 0.0315364 0.0315305 0.0315189 0.0315151 0.0315114 0.0315076 
0.0315018 0.0314957 0.0315088 0.0315365 0.0315327 0.031529 0.0315223 0.0315186 0.0315148 0.0315039 0.0315002 0.0314965 0.0314927 0.031489 0.0314853 0.0314815 0.0314736 0.0314695 0.0314658 0.031462 
0.0314583 0.0314538 0.0314501 0.0314463 0.0314426 0.0314535 0.031436 0.0314307 0.0314214 0.0314124 0.0314087 0.031405 0.0313994 0.0313944 0.0313812 0.0313808 0.0313771 0.0313734 0.0313697 0.0313638 
0.0313601 0.0313564 0.0313485 0.031337 0.0313304 0.0313267 0.0313222 0.0313235 0.0313198 0.0319631 0.031957 0.0319532 0.0319518 0.0319806 0.0319768 0.0319731 0.0319645 0.0319548 0.0320359 0.0320289 
0.0320251 0.0320213 0.0320174 0.0320111 0.0320074 0.0319927 0.031989 0.0319852 0.0319796 0.0319758 0.031972 0.0319662 0.0319624 0.0319587 0.0319549 0.0319512 0.0319435 0.0319375 0.0319214 0.0319176 
0.0319138 0.0319055 0.0318955 0.0318918 0.0323831 0.0323793 0.0323713 0.0323698 0.0323605 0.0323567 0.0323421 0.0323328 0.0323213 0.0323176 0.032312 0.0323082 0.0323044 0.0322958 0.032292 0.0322882 
0.0322844 0.0323172 0.0323134 0.0323096 0.0323058 0.032302 0.0322982 0.0322944 0.032309 0.0323146 0.0323108 0.032307 0.0323032 0.0323016 0.0323148 0.0323108 0.032307 0.0323032 0.0322957 0.0322892 
0.0322806 0.0322722 0.0322684 0.0322685 0.0322622 0.0322584 0.0322546 0.0322464 0.0322426 0.0322389 0.0322272 0.0322156 0.032212 0.0322709 0.0323139 0.0323074 0.0322947 0.0322782 0.0322744 0.0322793 
0.0322756 0.0322718 0.032268 0.0322643 0.0322621 0.0322782 0.0322744 0.0322618 0.0322581 0.0322543 0.0322475 0.0322437 0.03224 0.0322362 0.0322325 0.0322287 0.032225 0.0322212 0.0322187 0.0322149 
0.0322116 0.0322043 0.0322006 0.0321968 0.032187 0.0322495 0.0322458 0.032242 0.0322383 0.0322345 0.032223 0.0322193 0.0322101 0.0323519 0.0323405 0.0323367 0.0323302 0.0323168 0.032313 0.0323093 
0.032358 0.0323634 0.0323596 0.0323559 0.0323521 0.0324083 0.0324042 0.0323947 0.032391 0.0323819 0.0323782 0.0323672 0.0323634 0.0324158 0.0324031 0.0323994 0.0323862 0.0323824 0.0323784 0.0323746 
0.0323709 0.0323671 0.0323634 0.0323565 0.0323527 0.032349 0.0323572 0.0323506 0.0323468 0.0324935 0.0324897 0.0324859 0.0324822 0.0324784 0.0325068 0.0325031 0.0324923 0.0324789 0.0324751 0.0324714 
0.0324653 0.0324594 0.0324556 0.0324519 0.0324481 0.0324444 0.0324406 0.0324416 0.0324379 0.0324341 0.0324254 0.0324216 0.0324179 0.0324089 0.0324052 0.0324014 0.0323955 0.0323824 0.0323787 0.0323619 
0.0323535 0.0323498 0.0323453 0.0323415 0.0323378 0.0323341 0.0323303 0.0323266 0.0323229 0.0323183 0.0323146 0.0323094 0.0323056 0.0323019 0.0322982 0.0322945 0.0322907 0.032287 0.0322833 0.0323154 
0.0323116 0.0323079 0.0323042 0.0322917 0.032288 0.0322843 0.0322806 0.0322914 0.0325676 0.0325551 0.0325489 0.0325452 0.0325414 0.0325214 0.0325113 0.0325183 0.0325146 0.0325108 0.0325764 0.032571 
0.0325673 0.0325635 0.0325549 0.0325512 0.0325475 0.0325379 0.0325746 0.0325651 0.0325594 0.0325557 0.0325519 0.0325749 0.032562 0.0325554 0.0326429 0.0326356 0.0326319 0.0326281 0.0326244 0.0326208 
0.0326171 0.0326133 0.0326102 0.0326038 0.0326001 0.0325963 0.0325891 0.0325964 0.0327133 0.0327096 0.0327058 0.0327021 0.0326983 0.0326946 0.0326909 0.0326743 0.0327264 0.0327222 0.0327184 0.0327104 
0.0327067 0.0327029 0.0326992 0.0326955 0.0326851 0.0326801 0.0326751 0.0326714 0.0326677 0.0326639 0.0326602 0.0326565 0.0326527 0.0326575 0.032732 0.0327283 0.0327246 0.0327213 0.032718 0.0327395 
0.0327282 0.0327204 0.0327166 0.0327129 0.0327105 0.0327068 0.0327031 0.0326993 0.0326953 0.0327303 0.0327266 0.0327193 0.0327156 0.0327119 0.0327059 0.0327022 0.0326985 0.0326948 0.0326852 0.0326832 
0.0326657 0.0326617 0.032654 0.0326503 0.0326457 0.032642 0.0326325 0.0326279 0.0326208 0.0326085 0.0326048 0.0326012 0.0325975 0.0326135 0.0326352 0.0326315 0.0326278 0.0326224 0.032617 0.0326133 
0.0326096 0.0326059 0.0326022 0.0325985 0.0325948 0.0325883 0.0325785 0.0325748 0.0325711 0.0325674 0.0325626 0.0325589 0.0325553 0.0325516 0.0325479 0.0325421 0.0325384 0.0325348 0.0325268 0.0325346 
0.0325309 0.0325265 0.0325228 0.0325168 0.0325131 0.0325061 0.0324958 0.0325096 0.0325059 0.0325023 0.0324986 0.0325096 0.0326074 0.0326096 0.0326007 0.032597 0.0325933 0.0325896 0.0325859 0.0325822 
0.0325785 0.0325689 0.0325652 0.0325487 0.032545 0.0325413 0.0325376 0.0325339 0.0325303 0.0325112 0.0325075 0.0325038 0.0325002 0.0324965 0.0324923 0.0324886 0.0324849 0.0324812 0.0324776 0.0324595 
0.0324559 0.0324506 0.0324469 0.0324433 0.0324396 0.0324356 0.032431 0.0324541 0.0324504 0.0324467 0.0324417 0.032438 0.0324445 0.0324851 0.032477 0.0325021 0.0324984 0.0324802 0.0324766 0.0324716 
0.032468 0.0325144 0.0325107 0.0325071 0.0325155 0.0325256 0.032522 0.032518 0.0325143 0.032501 0.0324974 0.0324944 0.0326871 0.0327063 0.0326943 0.0326886 0.0326789 0.0326753 0.0326716 0.0326679 
0.0326643 0.0326756 0.0326719 0.0326634 0.032752 0.0327483 0.0327437 0.0327371 0.0327334 0.0327292 0.0327295 0.0327401 0.0327364 0.0327327 0.0327291 0.0327515 0.0327478 0.0327314 0.0327232 0.0327167 
0.0327091 0.0327054 0.0326952 0.0326907 0.032687 0.032673 0.0326646 0.032661 0.0326494 0.0326458 0.0328108 0.0328072 0.0328035 0.0328044 0.0328325 0.0328288 0.0328223 0.0328187 0.032815 0.0328113 
0.032802 0.0327984 0.0327947 0.032791 0.0327874 0.0327837 0.0327801 0.0327764 0.0327687 0.032765 0.0327607 0.032757 0.0327534 0.0327497 0.0327461 0.0327424 0.0327342 0.0327305 0.0327269 0.0327232 
0.0327196 0.0327092 0.0326995 0.0326958 0.0326911 0.0326871 0.0326835 0.0326742 0.0326705 0.0326669 0.0326633 0.0326596 0.032656 0.0326523 0.0326487 0.0328081 0.0328044 0.0328008 0.032813 0.0328093 
0.0328058 0.0328022 0.0327985 0.0327949 0.0327912 0.0327848 0.0327793 0.0327666 0.0327629 0.0327625 0.0327588 0.0327552 0.0327442 0.0327374 0.0327338 0.0327301 0.0327265 0.0327188 0.0327152 0.0327115 
0.0327079 0.0327043 0.0326957 0.0326921 0.032805 0.0328013 0.0328015 0.0327865 0.0327828 0.032777 0.0327734 0.0327698 0.0327546 0.0327903 0.0327866 0.032783 0.0327769 0.0327818 0.0327717 0.0327681 
0.0327645 0.0327608 0.0327572 0.0327468 0.0327411 0.0327366 0.032733 0.0327293 0.0327257 0.0327214 0.0327321 0.0327283 0.0327247 0.0327285 0.0327248 0.0327212 0.0327125 0.0327089 0.0328015 0.0327978 
0.0327852 0.0327795 0.0327759 0.0327706 0.032767 0.0327634 0.0327589 0.0327558 0.0327464 0.032741 0.0327373 0.0327337 0.0327311 0.0327275 0.0327377 0.0327241 0.0327188 0.0327087 0.0327051 0.0327015 
0.0327059 0.0327008 0.0326972 0.0326924 0.0326919 0.0326893 0.0326792 0.0326756 0.032672 0.0326614 0.0326578 0.0326509 0.0326473 0.0326495 0.0326459 0.0326368 0.0326332 0.0326257 0.0326222 0.0326186 
0.0326148 0.0326112 0.0326071 0.0326031 0.0325976 0.032594 0.0325904 0.0325869 0.0325833 0.0326579 0.0326543 0.0326412 0.0326432 0.0326325 0.0326585 0.0326822 0.0327911 0.0327771 0.0327672 0.0327622 
0.0327586 0.032755 0.0327494 0.0327421 0.032738 0.0327338 0.0327265 0.0327219 0.0327183 0.0327101 0.0327901 0.0328065 0.0327979 0.0327943 0.0327893 0.0327857 0.0327732 0.0327696 0.0327626 0.0327672 
0.0327637 0.0327601 0.0327534 0.0327494 0.0327459 0.0327298 0.0327263 0.0327124 0.0327089 0.0327053 0.0326921 0.0326872 0.0326836 0.0326785 0.0326651 0.0326521 0.032654 0.0326495 0.032644 0.0326404 
0.0326364 0.0326368 0.0326332 0.0326265 0.0326229 0.0326193 0.032604 0.0326004 0.0325969 0.0325933 0.0325898 0.0325823 0.0325788 0.0325752 0.0325717 0.0325681 0.0325645 0.032561 0.0325563 0.0325849 
0.0325813 0.0325778 0.0325742 0.0325707 0.0325671 0.0325636 0.03256 0.0325871 0.0325827 0.0325779 0.0325743 0.0325708 0.0325872 0.0325836 0.0325833 0.0325798 0.0326151 0.0326103 0.0326364 0.0326973 
0.0326937 0.0326902 0.0326866 0.032683 0.0326795 0.0326759 0.0326653 0.0326617 0.0326582 0.0326535 0.03265 0.0326464 0.0326381 0.0326346 0.032631 0.0326275 0.0326239 0.0326195 0.032616 0.0326088 
0.0326052 0.0326014 0.0325901 0.0325866 0.0326033 0.0325939 0.0325904 0.0325869 0.0325812 0.0325761 0.0325694 0.0325659 0.0325656 0.032562 0.0325794 0.0325759 0.0327658 0.0327622 0.0327579 0.0327543 
0.0327508 0.0327414 0.0327379 0.0327317 0.0328143 0.0328084 0.032803 0.0327994 0.0327959 0.0327923 0.0327888 0.0327787 0.0327751 0.0327716 0.032768 0.0327645 0.0327609 0.0327574 0.0327539 0.0327725 
0.0327689 0.0327654 0.0327618 0.0327583 0.0327547 0.0327512 0.0327477 0.0327442 0.032738 0.0327358 0.0327281 0.0327275 0.0327177 0.0327142 0.0327107 0.0327071 0.0326967 0.0326931 0.0326896 0.0326861 
0.0326825 0.032679 0.0326755 0.032672 0.0326684 0.0326659 0.0326557 0.0326416 0.0326328 0.0326292 0.0326257 0.0327217 0.0327283 0.0327235 0.03272 0.0327165 0.032705 0.0327238 0.0328901 0.0328861 
0.0328825 0.032879 0.0328708 0.0328585 0.032855 0.0328515 0.0328479 0.0328414 0.0328348 0.0328267 0.03282 0.0328088 0.0328053 0.0328018 0.0327957 0.0327829 0.0327794 0.0328369 0.032834 0.0328305 
0.0328269 0.0328126 0.0328091 0.0328037 0.0328029 0.0327993 0.0327958 0.0327923 0.0327957 0.0327922 0.0327887 0.0327852 0.0327816 0.0327781 0.0327746 0.0327711 0.0327637 0.0327601 0.0327603 0.0327474 
0.0327439 0.0327404 0.0327355 0.032732 0.03274 0.0327365 0.0327265 0.032723 0.0327195 0.032716 0.0327125 0.0327063 0.0326954 0.0326919 0.0326884 0.0326849 0.0326714 0.0326679 0.0326644 0.0326582 
0.0326547 0.0326512 0.0326438 0.0326421 0.0326387 0.0326349 0.0326296 0.0326316 0.0326281 0.0326246 0.0326095 0.032606 0.0326025 0.0325991 0.0325913 0.0325822 0.0325787 0.0325737 0.0325696 0.0325662 
0.0325541 0.0325466 0.0325431 0.0325395 0.032536 0.0325318 0.0325284 0.03252 0.0325165 0.0325131 0.0325096 0.0325013 0.0324978 0.0324944 0.0324909 0.0324874 0.032484 0.0324795 0.0324761 0.0324726 
0.0324691 0.0324657 0.0324575 0.0324535 0.03245 0.0324466 0.0324393 0.0324358 0.0325598 0.0325564 0.0325529 0.0325494 0.0325403 0.0325303 0.0325255 0.0325221 0.0325186 0.0325132 0.0325097 0.0325062 
0.0324994 0.0324959 0.0324924 0.032489 0.0324806 0.0324864 0.032481 0.0324799 0.0324764 0.032473 0.0324695 0.0324655 0.032462 0.0324556 0.032452 0.0324442 0.0324394 0.0324359 0.0324325 0.0324276 
0.0324241 0.032417 0.0324308 0.0324253 0.0324129 0.0324095 0.032406 0.0324026 0.0323992 0.0323865 0.032383 0.0323796 0.0323762 0.0323727 0.0323693 0.0323659 0.0323563 0.0323528 0.0323494 0.032346 
0.0323426 0.0323391 0.0323357 0.0323309 0.0323275 0.0323199 0.0323165 0.0323131 0.0323097 0.0323063 0.032296 0.0322871 0.0322949 0.0322915 0.032283 0.0322755 0.0322721 0.0322693 0.0322659 0.0322625 
0.0322591 0.0322557 0.0322514 0.032248 0.0322446 0.0322389 0.0322355 0.0322321 0.0322222 0.0322153 0.0322119 0.0322095 0.032236 0.0322326 0.0322292 0.0322409 0.0322406 0.0322372 0.0322292 0.0322227 
0.0322193 0.0322159 0.0322125 0.0322091 0.0322057 0.032201 0.0321907 0.0321873 0.0321822 0.032172 0.0321686 0.0321652 0.0321593 0.0321559 0.0321487 0.0321453 0.0321353 0.0321349 0.0321315 0.0321186 
0.0321152 0.0321077 0.0321044 0.0321235 0.0321201 0.0321167 0.0321133 0.03211 0.0321165 0.0321131 0.0321063 0.0320981 0.0320942 0.0320905 0.0320872 0.0320838 0.0320788 0.0320755 0.0320722 0.0320839 
0.0320741 0.032068 0.0320646 0.032169 0.0321656 0.0321623 0.0321589 0.0321555 0.0321504 0.0321399 0.0321365 0.0321331 0.0321551 0.0321518 0.0321484 0.032145 0.0321414 0.03213 0.0321244 0.0321198 
0.0321149 0.0321332 0.0321298 0.0321264 0.0321231 0.0321197 0.0321284 0.0321184 0.0321151 0.0321009 0.0320933 0.0320911 0.0320877 0.0320824 0.0320815 0.0320782 0.0320748 0.0320722 0.032126 0.0321935 
0.0321902 0.032182 0.0321772 0.0321696 0.0321662 0.0321587 0.0321866 0.0321833 0.0321799 0.0322455 0.0322421 0.0322673 0.0322634 0.0322589 0.0322503 0.032244 0.0322375 0.0322341 0.0322185 0.0322263 
0.0322217 0.0322183 0.032215 0.0322116 0.0322082 0.032203 0.0322354 0.0322334 0.0322356 0.0322262 0.0322228 0.0322192 0.0322158 0.032215 0.0322186 0.0322145 0.0322111 0.0322031 0.0322107 0.0322073 
0.0322243 0.0322145 0.0322111 0.0322077 0.0322063 0.0322026 0.0321993 0.0322719 0.0322673 0.0322639 0.0322572 0.0322538 0.0322467 0.0322448 0.0322329 0.0322256 0.0322223 0.0322189 0.0322156 0.0322105 
0.0322072 0.0322038 0.0322005 0.0321971 0.0321938 0.0321905 0.0321827 0.0321793 0.0321758 0.0321647 0.0321521 0.0321487 0.0321454 0.0321421 0.032137 0.0321333 0.0321289 0.0321256 0.0321223 0.0321189 
0.0321156 0.0321123 0.0321089 0.0321056 0.0320961 0.0320931 0.0320902 0.0320849 0.0320828 0.0320795 0.0320761 0.0320728 0.0320695 0.0321416 0.0321379 0.0321346 0.0321392 0.0321305 0.0321271 0.0321238 
0.0321215 0.0321182 0.0321158 0.0321125 0.0321092 0.032104 0.0321004 0.0320971 0.0320938 0.0320901 0.0320835 0.0320802 0.0320769 0.0320629 0.0320596 0.0320497 0.0320464 0.0320438 0.0320405 0.0320372 
0.0320339 0.0320329 0.0320283 0.032025 0.0320217 0.032018 0.0320147 0.0320114 0.0320081 0.0320048 0.0320015 0.0319982 0.0319905 0.0319915 0.0319882 0.0324618 0.0324583 0.032455 0.0324516 0.0324483 
0.0324446 0.0324402 0.032432 0.0324286 0.0324253 0.0324197 0.0324163 0.0324093 0.0324059 0.0324021 0.0323988 0.0323947 0.032387 0.0323836 0.0323803 0.032377 0.0323722 0.0323986 0.0323953 0.0323919 
0.0323886 0.0323817 0.0323784 0.0323736 0.032364 0.0323532 0.0323499 0.0323466 0.0323405 0.0323321 0.0323287 0.0323254 0.0323332 0.0324982 0.0324949 0.0324915 0.0324882 0.0324848 0.0324815 0.032476 
0.0324727 0.0325302 0.0325269 0.0325196 0.0325163 0.0325129 0.0325096 0.0325063 0.0325027 0.0324994 0.0324961 0.0324927 0.0324894 0.0324861 0.0324827 0.0324794 0.0324761 0.0324847 0.0324784 0.032474 
0.0324697 0.0324664 0.0324631 0.0324598 0.0324564 0.0324487 0.0324454 0.0324416 0.032435 0.0324286 0.0325159 0.0327191 0.0327157 0.0327124 0.0327091 0.0327057 0.0327009 0.0327098 0.0327065 0.0327032 
0.0326935 0.0326902 0.0326818 0.0326785 0.0326752 0.0326718 0.0326673 0.032653 0.0326459 0.0326399 0.0326365 0.0326323 0.0326289 0.0326256 0.0328117 0.0328018 0.0327985 0.032794 0.0327937 0.0327903 
0.032787 0.0327809 0.0327982 0.0327949 0.0327915 0.0327882 0.0327849 0.0327885 0.0327852 0.0327715 0.0327668 0.0327635 0.0327555 0.0327521 0.0327414 0.0327306 0.0327273 0.0327369 0.0327335 0.0327302 
0.0328207 0.0328157 0.0328124 0.0328068 0.0328018 0.0327928 0.0327781 0.0327726 0.0327692 0.0327659 0.0327538 0.0327505 0.0327466 0.0327432 0.0327399 0.0327366 0.0327308 0.0327275 0.0327242 0.0327149 
0.0327114 0.0327081 0.0327048 0.0327014 0.0326929 0.0326927 0.0326874 0.0326841 0.0326804 0.0326761 0.0326684 0.0326717 0.0326684 0.0326651 0.0326617 0.0326584 0.0326523 0.0326474 0.032644 0.0326407 
0.0326374 0.0326341 0.0326308 0.0326668 0.0326634 0.0326601 0.0326567 0.0326504 0.0326401 0.0326367 0.0326334 0.0326487 0.0326438 0.0326372 0.0326238 0.0326205 0.0326172 0.0326139 0.032607 0.0326013 
0.0325966 0.0325923 0.032589 0.0325857 0.0325789 0.0325756 0.0325723 0.032565 0.0325614 0.0325581 0.0325548 0.032543 0.0325397 0.0325364 0.0325386 0.0325288 0.0325255 0.0325687 0.0325654 0.032554 
0.0325507 0.0325474 0.0325329 0.0325228 0.0325759 0.0325727 0.0325616 0.0325584 0.0325551 0.0325518 0.0325485 0.0325452 0.0325419 0.0325386 0.0325353 0.0325301 0.0325256 0.0325163 0.032513 0.0325097 
0.0325062 0.032503 0.0324997 0.0324964 0.0325481 0.0330774 0.0331024 0.0330979 0.0330901 0.0330867 0.0330834 0.0330801 0.0330767 0.0330713 0.0330679 0.0330598 0.0330541 0.0330493 0.0330364 0.0330331 
0.0330257 0.0330223 0.0330172 0.0330359 0.0330318 0.0330258 0.0330224 0.0330191 0.0330057 0.0330024 0.0330489 0.0330456 0.0330423 0.0330389 0.0330356 0.0330323 0.033029 0.0330225 0.0330192 0.0330159 
0.0330126 0.0330093 0.0330163 0.033013 0.0330007 0.033 0.0329921 0.0329888 0.0329855 0.0329719 0.0329686 0.0329653 0.0329619 0.0329507 0.0329474 0.0329441 0.032941 0.0329377 0.0329255 0.0329222 
0.0329189 0.0329444 0.0329411 0.0329378 0.032928 0.0329247 0.0329214 0.0329178 0.0329145 0.0329112 0.0329007 0.0328974 0.0328941 0.0328906 0.0328881 0.0328848 0.0329132 0.0329099 0.0329121 