0 0.238908 0.159272 0.119454 0.0955632 0.079636 34.2077 29.9317 33.6208 30.2587 27.9571 25.7288 23.8437 22.1406 20.6645 19.373 26.1987 24.7432 33.8535 32.1608 30.6294 
29.2371 27.9659 30.891 29.6554 28.5148 27.4587 29.3553 28.3431 27.3983 26.5145 25.6859 24.9075 24.175 23.55 22.8959 30.4045 36.961 36.0133 39.5733 38.6081 
37.6888 37.4162 36.5658 43.1711 42.2326 54.1216 57.6324 56.4562 56.5347 55.4262 54.5845 53.5546 52.5629 51.6072 51.3206 50.4877 49.6767 48.8347 48.0208 49.0425 
51.7008 52.0754 51.4203 50.8602 50.0859 49.3383 48.6128 48.3294 47.8694 47.1952 46.5397 48.2631 47.6109 46.9761 46.358 45.756 45.1826 44.6106 44.053 43.5176 
42.9869 43.5876 43.183 42.775 44.1012 43.5943 47.6335 47.0983 46.6767 46.1612 46.1425 45.6437 45.1582 44.6828 44.2174 46.512 46.0374 45.5699 47.2601 46.7922 
46.3334 45.8836 45.4424 45.0096 44.585 44.1683 43.9746 43.5712 51.6901 51.2245 50.7668 50.3176 49.8762 50.0206 49.5894 49.1863 50.5694 57.5996 57.4151 56.9406 
56.4739 56.0147 56.0432 55.5948 55.2271 54.8282 54.4592 54.037 54.0905 53.6776 53.6287 53.2255 52.8283 52.4369 52.0514 52.1606 51.7826 51.4101 51.0429 50.6809 
50.324 49.9721 49.6359 50.54 50.1939 51.2559 51.9586 51.8903 51.6789 55.6238 55.2851 54.9237 54.5671 54.215 53.9578 53.6141 53.3013 52.9661 52.6351 52.3082 
51.9853 51.6663 51.3671 51.0558 50.9905 50.6852 50.3835 50.6957 50.3974 50.1027 49.8114 50.289 49.9988 49.8441 49.9838 49.7014 51.5753 53.8895 53.5905 53.2944 
53.0016 53.8224 53.5695 53.28 53.0927 53.4972 53.2374 52.9557 52.6794 52.4036 54.5999 54.317 54.1399 53.8622 53.9066 53.633 53.64 53.3705 54.1893 53.9197 
55.7554 57.7454 57.4624 57.934 57.9204 57.6867 57.4094 57.7495 57.4745 58.0387 57.7649 57.4937 58.1301 57.8598 57.5919 57.3265 57.1584 57.6436 57.3816 57.1219 
56.8646 56.6096 56.3569 56.2729 56.0239 55.7771 56.1389 55.8938 55.6508 55.4099 55.3214 55.084 55.5598 55.3234 55.0882 54.8558 54.6253 54.3968 54.1701 53.9453 
53.8315 53.8449 53.6242 53.5699 53.3521 53.1361 52.9218 52.7093 52.6058 52.513 53.3672 53.1563 52.947 52.7394 52.5334 52.329 52.1261 52.048 53.6145 53.4091 
53.3377 53.1474 52.9478 54.1379 54.1472 54.9808 54.7757 55.4806 55.2751 55.0711 54.8686 56.0132 55.8088 55.6058 55.4044 55.2044 55.0058 55.5112 55.313 55.1161 
54.9577 54.7635 54.5705 54.379 54.1887 53.9999 53.8124 53.8029 53.6165 53.4314 53.5494 53.7088 53.5262 53.4038 53.2234 53.0442 53.0215 52.8442 52.907 52.7312 
52.5566 52.3824 52.2677 52.2624 52.128 51.9574 51.7887 51.6211 51.4674 51.3019 51.1375 51.06 50.8974 50.7442 50.5836 50.424 50.2655 50.3464 50.189 50.0327 
49.8773 49.8822 49.7282 49.5752 49.4232 49.272 50.0074 49.8554 49.7493 49.6363 49.4868 49.7963 51.2198 51.067 51.1468 50.995 50.8442 52.4804 52.3261 52.1726 
52.0201 51.8697 51.7632 51.6132 51.464 51.3157 51.1683 51.6675 51.5199 51.3731 51.2594 51.1142 50.9698 50.83 51.7749 51.6298 51.877 51.7324 51.5887 51.4458 
52.2102 52.8215 52.8886 52.7438 52.5996 52.4568 52.3945 52.2525 52.1126 51.9722 51.8923 51.7532 51.6148 51.8063 51.6685 51.6258 52.6867 52.5477 52.4094 52.2719 
52.135 51.9989 51.8635 51.7644 51.6303 51.5029 51.3702 51.2381 51.2437 51.6692 51.5373 51.4986 52.7079 52.6081 52.4753 52.3431 52.3405 52.2093 52.487 52.6128 
52.4819 52.3517 52.2268 52.0979 52.1486 52.0204 51.8932 51.8131 51.6868 51.561 51.4359 51.3108 51.1869 51.1643 51.273 51.15 51.0277 51.0729 51.0121 50.8909 
51.2005 51.1058 50.9853 50.8653 50.7459 50.6446 51.4564 51.3365 51.2166 51.706 51.5922 51.8171 51.957 51.8696 51.7506 51.8237 51.7146 51.7275 51.6099 51.4929 
51.3764 51.2604 51.3135 51.1982 51.0834 50.9691 50.8553 50.7702 50.6631 50.6015 50.5217 50.4102 50.3468 50.2361 50.126 50.0163 51.6388 51.5263 51.6727 51.5607 
51.449 51.3374 51.5516 51.5911 51.4804 51.3702 51.2604 51.1511 51.0423 50.9339 50.826 50.7337 50.6534 50.5468 50.4406 50.4229 50.3174 50.2124 50.1272 50.0229 
50.1225 50.0188 50.4397 50.3357 50.2322 50.129 50.0263 49.9469 49.8449 49.7434 49.6423 49.5416 49.4409 49.341 49.2453 49.1462 49.0475 48.9492 48.8513 48.8234 
48.7261 48.6292 48.5327 48.8802 48.7832 49.1119 49.0151 48.9188 48.8229 49.0563 49.4607 49.3642 49.2682 49.1725 49.0768 48.9818 48.8873 48.7931 48.6992 48.6981 
48.6043 48.5114 48.4188 48.3266 48.2356 48.1441 48.6211 48.5292 48.5227 48.4314 48.3403 48.2496 48.1593 48.0688 49.2346 50.2346 50.8962 51.2605 52.8755 52.7777 
52.9781 52.9835 52.8861 52.799 52.7023 52.606 52.51 52.4143 52.319 52.5923 52.497 52.5309 52.4361 52.3416 52.4137 52.3196 52.2258 52.1324 52.5137 52.4201 
52.3268 52.2338 52.1412 52.049 51.957 51.8721 51.7808 52.0827 51.9913 51.9534 51.8625 51.772 51.6818 51.592 51.502 51.6224 51.5453 51.4723 51.3878 51.2993 
51.3473 51.2592 51.6043 51.516 51.428 51.3553 51.272 51.185 51.1176 51.031 50.9448 50.8872 50.8015 50.7161 50.6522 50.5674 50.4828 50.3985 50.6678 50.6448 
50.6672 50.9254 50.9423 50.8581 50.7856 50.702 50.6811 50.5979 50.5149 50.4323 50.8484 50.7654 50.928 50.8452 50.7782 50.6959 50.6311 50.5493 50.4678 50.3865 
50.3055 50.2248 50.1439 50.0637 49.9837 49.904 49.9858 49.9064 49.8271 49.7482 49.6932 49.6147 49.5362 49.4582 49.3805 49.446 49.3955 49.3803 49.3032 49.2293 
49.1526 49.1456 49.0693 48.9932 48.9173 48.8417 48.7898 48.7147 48.6397 48.5649 48.5766 48.5022 48.4281 48.3537 48.349 48.3521 48.2786 48.2065 48.31 48.568 
48.4946 48.5754 48.5022 48.4293 48.4356 48.363 48.2906 48.2184 48.4175 48.3453 48.5041 48.432 48.3602 48.3241 48.4621 48.3905 48.3191 48.248 48.1768 48.106 
48.0967 48.0374 48.0072 47.9372 47.8673 47.7976 47.8051 47.7357 47.7595 47.696 47.6323 48.0647 48.0591 47.9966 47.9276 47.8589 47.7903 47.7219 47.6537 47.5858 
47.6051 47.6153 47.5476 47.4802 47.4129 47.3459 47.9841 47.9275 47.86 47.8443 47.7962 47.7292 47.6623 47.6774 47.6108 47.5446 47.4784 47.4127 47.3468 47.2812 
47.3008 47.2563 47.191 47.722 47.6563 47.5978 47.5325 48.1261 48.1666 48.1007 48.035 47.9694 48.0151 47.9498 48.0947 48.0295 48.9773 48.9134 49.0173 48.9511 
48.8852 48.8194 48.7538 48.6883 48.6231 48.558 48.493 48.433 48.3739 48.4458 48.3814 48.3172 48.5691 48.5045 48.4854 48.467 48.4031 48.3393 48.7257 48.6617 
48.6271 48.5634 48.5478 48.4961 48.4348 48.3717 48.56 48.4969 48.688 48.6679 48.6049 48.6117 48.7446 48.6817 48.8062 48.8186 48.7559 48.6933 48.6308 48.5685 
48.5828 48.5804 48.6286 48.5666 48.5048 48.4432 48.3817 48.3204 48.263 48.202 48.1411 48.0804 48.0199 47.9595 47.899 47.8552 47.7952 47.7351 47.6754 47.6159 
47.6332 47.5739 47.7381 47.6916 47.6324 47.5888 47.5913 47.5324 47.4738 47.6398 47.5824 47.5239 47.4655 47.4073 47.3492 47.2912 47.2334 47.195 47.174 47.1165 
47.0912 47.2456 47.1882 47.1454 47.0883 47.7468 47.8065 47.7489 47.6913 47.7564 47.699 47.6858 47.6336 47.6668 47.6097 47.6422 47.5853 47.5286 47.472 47.5197 
47.4633 47.407 47.4239 47.3677 47.6658 47.6096 47.6913 47.6351 47.6557 47.7731 47.7171 47.6611 47.6053 47.5496 47.4941 47.4387 47.3841 47.3289 47.2824 47.2626 
47.2228 47.1746 47.1228 47.0683 47.0368 47.0296 46.9754 46.991 46.9627 46.9088 47.0701 47.1734 47.1192 47.0654 47.0128 46.963 46.9095 46.8562 46.8029 46.7498 
46.6968 46.6446 46.6957 46.7085 46.6558 46.614 46.5844 46.8033 46.7507 46.6982 46.6459 46.6039 46.5517 46.5109 46.459 46.4694 46.4176 46.3999 46.3483 46.3848 
46.3727 46.327 46.2757 46.2794 46.2283 46.1773 46.1263 46.0756 46.025 45.9744 45.924 45.8737 45.8235 45.7735 45.7235 45.6736 45.6238 45.6918 45.654 45.8706 
45.8898 45.8401 45.7905 45.741 45.6916 45.6423 45.7291 45.7592 46.2265 46.3349 46.2852 46.2356 46.1861 46.3756 46.3261 46.2767 46.2273 46.1781 46.2927 46.5164 
46.4669 46.4176 46.3685 46.3317 46.2828 46.3249 46.3056 46.2787 46.2749 46.2272 46.1786 46.1655 46.1171 46.1267 46.1303 46.0821 46.034 45.986 45.938 45.8902 
45.8425 45.8444 45.7968 45.7494 45.7206 45.6733 45.6261 45.579 45.5321 45.4852 45.451 45.4223 45.3757 45.3291 45.2827 45.2684 45.2568 46.1966 46.2234 46.2054 
46.1583 46.1113 46.0645 46.0547 46.0407 45.9941 45.9475 45.9011 45.9094 45.8631 45.8242 45.7781 45.732 45.6863 45.6404 45.5946 45.5489 45.5033 45.4578 45.5827 
45.5928 45.5472 45.5115 45.4662 45.421 45.3756 45.341 45.296 45.6344 45.5892 45.5442 45.4992 45.4544 45.4096 45.3649 45.3533 45.317 45.6747 45.63 45.5902 
45.5453 45.5008 45.4693 45.4247 45.5597 45.5153 45.471 45.4266 45.3825 45.3391 45.2951 45.2686 45.3292 45.2854 45.2523 45.2087 45.1651 45.1217 45.1045 45.0612 
45.3374 45.3065 45.2631 45.2198 45.1766 45.2682 45.2268 45.1837 45.1406 45.349 45.3724 45.3293 45.2879 45.3041 45.2612 45.2563 45.2647 45.222 45.3743 45.3315 
45.4646 45.4219 45.4354 45.4353 45.3927 45.3501 45.3079 45.3214 45.2791 45.2368 45.2013 45.1591 45.2261 45.2011 45.1591 45.1172 45.0753 45.0335 44.9918 44.9502 
45.2126 45.4137 45.4087 45.3669 45.3251 45.2834 45.2432 45.2017 45.1798 45.1384 45.0971 45.0558 45.0147 44.9734 45.6249 45.5833 45.5418 45.5003 45.459 45.421 
45.3797 45.3561 45.3162 45.2752 45.2343 45.1934 45.1526 45.1119 45.0712 45.0307 46.2495 46.2097 46.1682 46.1267 46.0871 46.0458 46.0583 46.0173 46.0272 46.1243 
46.0832 46.1933 46.1522 46.1112 46.2009 46.1732 46.1544 46.1135 46.0727 46.2348 46.194 46.1532 46.2457 46.205 46.1819 46.4118 46.4858 46.445 46.4043 46.3636 
46.323 46.2825 46.242 46.2016 46.3499 46.3095 46.2692 46.3367 46.5255 46.4851 46.4447 46.4049 46.3887 46.3486 46.3262 46.286 46.246 46.2061 46.1663 46.1265 
46.4512 46.4121 46.3735 46.3337 46.294 46.2543 46.3177 46.2781 46.2394 46.1999 46.1789 46.1396 46.118 46.0788 46.0521 46.013 45.9739 45.9703 46.3233 46.2841 
46.2449 46.2058 46.2629 46.2329 46.1939 46.155 46.1161 46.0773 46.0386 45.9999 45.9613 45.9228 45.8844 45.872 45.8651 45.976 45.9377 45.9177 45.8794 45.8575 
46.0276 46.0963 46.2315 46.1931 46.2395 46.2012 46.1678 46.7766 46.7859 46.8672 46.8286 46.7955 46.8498 46.8112 46.8438 47.5414 47.5558 47.5696 47.5306 47.4917 
47.454 47.4164 47.3776 47.3624 47.3391 47.3049 47.4976 47.4589 47.5774 47.5387 47.5349 47.4963 47.5221 47.4837 47.4453 47.4115 47.3903 47.3711 47.3418 47.3036 
47.2655 47.2275 47.1896 47.1517 47.5738 47.5731 47.535 47.4969 47.4592 47.4212 47.4286 47.472 47.4342 47.3964 47.3587 47.3567 47.319 47.5615 47.5237 47.486 
47.4484 47.4135 47.376 47.3385 47.301 47.2637 47.3254 47.2881 47.5481 47.5254 47.4881 47.4517 47.4145 47.6628 47.6254 47.5881 47.5553 47.5181 47.481 47.4439 
47.4069 47.8632 47.8259 47.7887 47.7515 47.7971 47.7808 47.7437 47.7065 47.6696 47.6386 47.6344 47.5976 47.561 47.5243 47.4939 47.4791 47.4425 47.406 47.3786 
47.3563 47.3199 47.2898 47.2536 47.2392 47.2031 47.167 47.3431 47.8527 47.8162 47.7798 47.7497 47.7134 47.6771 47.6409 47.6365 47.8275 47.7912 47.8174 47.8666 
47.8713 47.8453 47.8091 47.8883 47.8522 47.8161 47.7801 47.8952 47.9606 47.9246 47.8886 47.8604 47.8245 48.0057 48.0717 48.0438 48.1221 48.1024 48.0846 48.0645 
48.0287 47.9929 48.0476 48.0118 47.9761 47.9404 47.9073 47.9096 47.9163 47.8808 47.8454 47.8176 47.7823 47.7471 47.7118 47.6779 47.6427 47.6134 47.5784 47.6119 
47.5769 47.542 47.6283 47.5934 47.5586 47.5238 47.6136 47.5936 47.5589 47.5242 47.5177 47.4831 47.4485 47.414 47.3796 47.345 47.4654 47.6829 47.6498 47.6153 
47.5809 47.5465 47.6808 47.6469 47.6181 47.7603 47.7596 47.7259 47.6916 47.6684 47.6341 47.5999 47.5658 47.5317 47.5354 47.5556 47.5216 47.5237 47.5374 47.5034 
47.6262 47.5923 47.5584 47.5245 47.4907 47.457 47.4233 47.644 47.6102 47.6202 47.6202 47.5865 47.6272 47.5936 48.6904 48.7274 48.6931 48.6587 48.6245 48.6917 
48.661 48.6268 48.5926 48.5585 48.5244 48.4904 48.5369 48.503 48.4691 48.8047 48.7706 48.7569 48.9202 48.8861 48.9204 48.8863 48.8523 48.8184 48.7845 48.7506 
48.7307 48.6969 48.7548 48.721 49.0212 48.9873 48.9535 48.9197 48.8859 49.097 49.0632 49.0295 48.9964 48.9627 48.9291 48.8955 48.8619 48.8285 48.795 48.7661 
48.7328 48.7264 48.693 48.6662 48.6332 48.6 48.5669 48.5339 48.5009 48.478 48.4552 48.4223 48.3894 48.3595 48.3268 48.4414 48.4852 48.4524 48.4196 48.3869 
48.3543 48.3217 48.2891 48.2566 48.2267 48.1942 48.1619 48.1413 48.155 48.1227 48.0904 48.0582 48.0367 48.0137 47.9816 47.9495 47.9175 47.8856 47.8761 47.8442 
47.8988 47.867 47.8582 47.8299 47.889 47.8629 47.8312 47.7995 47.7678 47.7362 47.7046 47.6731 47.6426 47.611 47.5796 47.5482 47.5169 47.4908 47.5116 47.4803 
47.4491 47.418 47.3869 47.4043 47.3779 47.3604 47.3294 47.2984 47.3321 47.4373 47.4063 47.5417 47.5107 47.6696 47.6797 47.6487 47.7462 47.7152 47.6842 47.6533 
47.6346 47.6151 47.5963 47.5655 47.5347 47.504 47.6633 47.6325 47.6018 47.5711 47.5405 47.5099 47.4793 47.4487 47.4183 47.4204 48.0574 48.0265 48.0171 47.9864 
47.9556 47.9739 48.1843 48.1847 48.2225 48.1917 48.1609 48.2288 48.7696 48.7772 48.7485 48.7175 48.7026 48.6717 48.6408 48.6232 48.6028 48.572 48.6395 48.6801 
48.6493 48.6213 48.5906 48.5639 48.5332 48.5026 48.4888 48.4583 48.4278 48.3974 48.3846 48.3874 48.4033 48.3729 48.3426 48.3123 48.2821 48.2519 48.2746 48.2444 
48.2143 48.1841 48.154 48.124 48.0955 48.0656 48.037 48.0072 47.9822 47.9734 47.9477 47.918 47.9332 47.9035 47.8739 47.8443 48.0206 47.9909 47.9981 48.2547 
48.3248 48.3967 48.4192 48.3895 48.3597 48.3435 48.3138 48.2841 48.2545 48.2249 48.199 48.1694 48.14 48.1105 48.081 48.1857 48.1563 48.1269 48.129 48.0997 
48.0704 48.045 48.0158 47.9865 48.003 47.9739 47.9448 47.9157 47.8866 47.8599 47.9773 47.9483 47.9193 47.8903 47.9319 47.9087 47.9825 47.9552 47.9387 47.9098 
47.881 47.8522 47.8234 47.7947 48.1273 48.0984 48.0696 48.0759 48.0478 48.1836 48.1548 48.126 48.0973 48.0686 48.3335 48.4978 48.4689 48.44 48.411 48.3822 
48.3535 48.3247 48.296 48.2674 48.2388 48.267 48.2384 48.2915 48.9886 48.9596 48.9306 48.9017 48.8729 48.8561 48.8551 48.9288 48.9 48.873 48.9098 48.8811 
48.8523 48.8281 48.8011 48.7725 48.7463 48.7177 48.6892 48.6607 48.6401 48.6387 48.6103 48.5819 48.5536 48.5353 48.507 48.5116 48.4834 48.4624 48.4342 48.4906 
48.4624 48.4913 48.4631 48.5139 48.4856 48.4576 48.4295 48.4015 48.3735 48.3456 48.3177 48.2898 48.2619 48.31 48.2822 48.2689 48.2421 48.2974 48.3255 48.2977 
48.27 48.2442 48.252 48.2243 48.1967 48.2451 48.2176 48.2665 48.2389 48.3311 48.4587 48.4311 48.4035 48.3759 48.3695 48.3419 48.3336 48.3061 48.2787 48.2513 
48.2408 48.2134 48.1861 48.1588 48.1484 48.1386 48.5318 48.5044 48.5111 48.4837 48.4563 48.429 48.4158 48.3888 48.4252 48.4034 48.402 48.4223 48.3951 48.368 
48.4113 48.3845 48.3877 48.3606 48.3335 48.4023 48.3885 48.4002 48.3731 48.3461 48.3984 48.4128 48.3858 48.3589 48.3319 48.305 48.2782 48.3317 48.3048 48.2809 
48.2541 48.2274 48.2006 48.1744 48.1478 48.1211 48.1057 48.0791 48.0525 48.026 48.1689 48.1621 48.1384 48.1162 48.0899 48.0634 48.1203 48.0938 48.0674 48.041 
48.0146 47.9883 47.962 47.9655 47.9762 47.9662 47.9481 47.9906 47.9643 47.9381 47.912 47.9961 47.9699 47.9438 47.9181 48.0347 48.0086 47.9825 47.9625 47.9364 
47.9104 47.8844 47.8584 47.8699 48.0268 48.219 48.2069 48.1808 48.1548 48.1771 48.1511 48.1251 48.0991 48.3444 48.3198 48.2938 48.2678 48.2418 48.2159 48.2689 
48.243 48.3245 48.2986 48.2727 48.2468 48.221 48.1952 48.1714 48.1455 48.1198 48.0941 48.0684 48.0627 48.0371 48.0115 47.9859 47.9604 47.9348 47.9093 47.8839 
47.9149 47.9181 47.9205 47.8951 48.0634 48.038 48.1229 48.1026 48.0772 48.0581 48.0327 48.0073 47.9819 47.9566 47.9489 47.961 47.9687 47.9434 47.9238 47.9282 
47.9263 47.9124 47.8872 48.2686 48.2433 48.218 48.1927 48.1675 48.2611 48.2377 48.2124 48.1872 48.162 48.1369 48.1117 48.1008 48.0788 48.1291 48.1072 48.0821 
48.0924 48.0674 48.1892 48.1669 48.2183 48.1933 48.1683 48.1433 48.1184 48.0934 48.0987 48.0737 48.0489 48.1888 48.204 48.1791 48.1542 48.42 48.395 48.4641 
48.4736 48.4486 48.4326 48.4077 48.3875 48.3627 48.3395 48.4951 48.495 48.4701 48.4453 48.5306 48.5058 48.4846 48.4598 48.4934 48.6073 48.6389 48.6141 48.5939 
48.6378 48.6131 48.6192 48.6098 48.585 48.6013 48.5766 48.5519 48.5273 48.5026 48.4781 48.4535 48.433 48.4084 48.3839 48.3636 48.3392 48.3148 48.2904 48.266 
48.3405 48.3162 48.2918 48.388 48.3636 48.3393 48.315 48.2907 48.2664 48.2422 48.218 48.4013 48.3778 48.3621 48.3379 48.3341 48.343 48.3188 48.2946 48.2919 
48.2677 48.2436 48.3511 48.3319 48.353 48.3289 48.3048 48.2808 48.2567 48.3709 48.3469 48.3228 48.2989 48.2749 48.2509 48.2415 48.3327 48.345 48.3211 48.2972 
48.2733 48.2494 48.2256 48.2018 48.2257 48.2019 48.1781 48.1588 48.1351 48.171 48.2113 48.1952 48.1715 48.8476 48.8236 48.8013 48.7774 48.7534 48.7295 48.7058 
48.682 48.6581 48.6447 48.6209 48.6236 48.5999 48.5761 48.6201 48.6026 48.8188 48.795 48.7712 48.7624 48.7724 48.7487 49.0657 49.0418 49.018 49.0059 48.9821 
48.9599 48.9361 48.9841 48.9604 48.9602 48.937 48.9154 48.8918 48.943 48.9194 48.8958 48.8722 48.8853 49.3274 49.4658 49.4529 49.4291 49.4053 49.3816 49.36 
49.3363 49.3138 49.2965 49.2729 49.2493 49.2257 49.2021 49.1785 49.155 49.1321 49.1275 49.104 49.0806 49.138 49.1146 49.0911 49.1119 49.0885 49.0652 49.0427 
49.0608 49.0382 49.0274 49.0048 48.9816 48.9583 48.9351 48.9119 49.043 49.0198 48.9966 48.9734 48.9502 48.9271 48.9039 48.8808 48.8578 48.8348 48.8117 48.9169 
48.8939 48.8726 49.0646 49.0565 49.0357 49.0126 48.9896 48.9774 48.9544 48.9498 48.9333 48.9104 48.8874 48.8645 48.8417 48.8239 48.804 48.834 48.8111 48.7883 
48.7656 48.7427 48.9594 48.9374 48.9213 48.9015 49.0524 49.0299 49.0071 49.0142 49.0305 49.0321 49.0094 48.9866 48.9653 48.9505 48.93 48.9627 48.9994 48.9767 
48.954 48.9378 48.9152 48.893 48.9094 48.8867 49.0187 48.9978 48.9752 48.9542 48.9317 48.9092 48.8867 48.9666 49.1365 49.1139 49.0913 49.0797 49.1042 49.0817 
49.1017 49.0988 49.0763 49.055 49.0326 49.0101 48.9877 48.9653 48.9429 48.976 48.9537 49.1719 49.1495 49.1288 49.1064 49.0841 49.1158 49.0934 49.0798 49.0575 
49.0365 49.0143 48.9919 48.9697 48.9475 48.9253 48.9032 48.8813 48.8592 48.8377 48.8156 48.8523 48.8303 48.8085 48.7915 48.8106 48.8187 48.7967 48.7747 48.7527 
48.7308 48.7237 48.7027 48.6808 48.6589 48.6485 48.6267 48.6049 48.5831 48.5613 48.5866 48.5647 48.5429 48.5707 48.5489 48.5272 48.5433 48.5216 48.5157 48.6835 
48.6627 48.6925 48.6708 48.6491 48.6275 48.6058 48.6784 48.6567 48.6351 48.6135 48.5918 48.5841 48.5701 48.5485 48.527 48.5055 48.4845 48.463 48.4416 48.4202 
48.3987 48.3774 48.4176 48.3962 48.3749 48.3535 48.3336 48.3123 48.3626 48.384 48.3732 48.366 48.3447 48.3234 48.3879 48.3666 48.5598 48.5385 48.5386 48.5173 
48.4961 48.4748 48.4535 48.4323 48.4111 48.3899 48.3688 48.3476 48.3265 48.3054 48.2844 48.2633 48.2425 48.2429 48.2219 48.2058 48.3328 48.3188 48.2978 48.2768 
48.2558 48.2446 48.2236 48.2027 48.1818 48.2684 48.2475 48.2266 48.2057 48.1849 48.164 48.1432 48.1792 48.2708 48.25 48.2292 48.2828 48.2623 48.2454 48.2245 
48.2037 48.183 48.1623 48.2088 48.1881 48.1673 48.1529 48.1322 48.1115 48.0909 48.0715 48.0509 48.0303 48.0097 47.9892 47.9723 48.0344 48.0173 48.0109 47.9904 
47.9699 47.9524 47.9319 47.994 47.993 47.9747 47.9563 48.0205 48 48.0466 48.0261 48.0057 47.9853 47.9649 47.9445 47.9241 47.9259 47.9534 47.9338 47.9135 
47.9191 47.8989 47.8786 47.8592 47.839 47.8188 47.8184 47.8365 47.8162 47.7967 47.8026 47.794 47.8714 47.8535 47.8333 47.8132 47.7996 47.7795 47.773 47.8047 
47.7958 47.7758 47.7623 47.7875 47.7688 47.7488 47.7328 47.7422 47.7484 47.729 47.7091 47.6891 47.6829 47.6993 47.6794 47.7371 47.7177 47.7242 47.7043 47.6844 
47.6769 47.6571 47.6373 47.6175 47.5977 47.5779 47.5581 47.5462 47.5265 47.5068 47.4871 47.4674 47.4477 47.4281 47.4856 47.4772 47.4576 47.438 47.4184 47.4228 
47.4032 47.4437 47.4274 47.4079 47.4352 47.4194 47.4124 47.3929 47.3756 47.3561 47.3366 47.3223 47.3577 47.5211 47.5016 47.4878 47.4683 47.4488 47.535 47.5154 
47.5 47.5124 47.493 47.4736 47.4542 47.4348 47.4369 47.4176 47.5629 47.5926 47.5736 47.5542 47.5348 47.7051 47.6857 47.6663 47.6469 47.6324 47.613 47.5937 
47.7408 47.7214 47.702 47.6826 47.7701 47.7506 47.7313 47.7184 47.699 47.9245 47.9051 47.8858 48.024 48.0046 47.9852 48.0035 47.9851 47.9666 47.9473 47.9279 
47.9086 47.8894 47.8701 47.8508 47.8316 47.8124 47.8076 47.7884 47.7692 47.7865 47.8629 47.8437 47.8248 47.8056 47.7865 47.7673 47.8531 47.834 48.0269 48.0077 
47.9885 48.0119 47.9927 47.9735 47.9544 47.9353 47.9161 47.897 47.878 47.8589 47.9302 47.9111 47.9061 47.8958 47.8883 47.8956 47.8765 47.8575 47.9107 47.8917 
47.8793 47.9044 47.9259 47.9071 48.1011 48.1043 48.0852 48.0662 48.0472 48.0282 48.0092 48.0326 48.0433 48.0243 48.0054 47.9865 47.9676 48.0374 48.0356 48.0182 
47.9993 47.9804 48.0184 47.9996 47.9807 48.0335 48.0147 48.003 47.9841 47.9653 47.9465 47.9278 47.909 47.8902 47.8717 47.858 47.845 47.8262 47.8075 47.7888 
47.7784 47.7614 47.7428 47.7242 47.7804 47.7637 47.7451 47.7265 47.7752 47.7566 47.739 47.7204 47.7019 47.6921 47.6736 47.6552 47.6367 47.6227 47.6043 47.5858 
47.5674 47.549 47.5339 47.5155 47.4971 47.4788 47.5267 47.5083 47.4899 47.4716 47.4533 47.4589 47.4406 47.4292 47.4167 47.3984 47.3802 47.3777 47.3799 47.5283 
47.51 47.4994 47.4812 47.463 47.4447 47.4399 47.4217 47.4622 47.444 47.4258 47.4076 47.3895 47.3714 47.4454 47.4272 47.4217 47.4036 47.386 47.368 47.3515 
47.3333 47.3153 47.2972 47.2792 47.2612 47.2432 47.241 47.223 47.2051 47.1871 47.1692 47.1513 47.1334 47.1651 47.1472 47.1294 47.1961 47.1793 47.1614 47.1448 
47.1269 47.113 47.1763 47.1605 47.1427 47.1249 47.1204 47.1026 47.1089 47.0912 47.2006 47.3364 47.3185 47.3778 47.36 47.3808 47.3631 47.3453 47.3275 47.3173 
47.3155 47.4028 47.385 47.4707 47.4529 47.4351 47.4187 47.401 47.3832 47.3939 47.3792 47.3615 47.3621 47.3458 47.3281 47.3139 47.3051 47.2997 47.3581 47.352 
47.3343 47.3318 47.3142 47.3128 47.3284 47.3107 47.2931 47.281 47.3577 47.3401 47.3226 47.305 47.2895 47.272 47.2645 47.2492 47.2666 47.2966 47.2791 47.2714 
47.255 47.2788 47.2646 47.247 47.2296 47.4161 47.3986 47.3811 47.3843 47.3668 47.4332 47.4875 47.47 47.4525 47.435 47.4197 47.4023 47.3848 47.3674 47.35 
48.189 48.1713 48.1995 48.3179 48.3001 48.2824 48.2647 48.247 48.2294 48.2117 48.194 48.1764 48.1926 48.1883 48.1707 48.1531 48.1355 48.1179 48.1017 48.2391 
48.2215 48.2061 48.1909 48.1734 48.1618 48.1443 48.1588 48.1494 48.2832 48.2656 48.2492 48.2317 48.2343 48.2169 48.1994 48.1819 48.1645 48.1469 48.1296 48.1121 
48.1222 48.1048 48.0874 48.07 48.1092 48.0951 48.0777 48.0847 48.0673 48.0499 48.0325 48.0344 48.0253 48.008 47.9907 47.9734 47.9561 47.9388 47.9248 47.9075 
47.8916 47.8793 47.8621 47.8449 47.8277 47.8105 47.8604 47.8586 47.8414 47.8478 47.8438 47.8267 47.8096 47.7925 47.7754 47.7583 47.7412 47.7241 47.7113 47.7561 
47.7611 47.746 47.729 47.712 47.695 47.678 47.6814 47.6667 47.6498 47.6328 47.6159 47.6681 47.699 47.6821 47.6651 47.6481 47.6312 47.6143 47.5974 47.5805 
47.5939 47.6977 47.6809 47.664 47.647 47.6302 47.6133 47.6022 47.728 47.7175 47.7006 47.6838 47.667 47.6501 47.6333 47.6165 47.5998 47.583 47.5662 47.5495 
47.5328 47.5161 47.4993 47.5439 47.5272 47.739 47.774 47.7627 47.7631 47.7489 47.7322 47.7154 47.6987 47.7414 47.7604 47.7437 47.727 47.7103 47.6936 47.6881 
47.6714 47.6676 47.651 47.6701 47.8555 47.8388 47.861 47.8444 47.8277 47.811 47.7943 47.7777 47.7611 47.7445 47.9074 47.8922 47.8755 47.9143 47.8976 47.881 
47.8801 47.8719 47.8553 47.8387 47.8221 47.8056 47.789 47.7725 47.8073 47.7907 47.7742 47.7583 47.7418 47.7341 47.7176 47.7012 47.6847 47.6841 47.7177 47.7013 
47.6848 47.6684 47.652 47.6356 47.6941 47.6778 47.6614 47.645 47.6285 47.6122 47.5958 47.5826 47.5699 47.5536 47.541 47.5248 47.5337 47.5174 47.5038 47.7076 
47.6931 47.6768 47.6605 47.6442 47.6671 47.6508 47.6345 47.6207 47.6045 47.5882 47.572 47.5558 47.5443 47.5294 47.5132 47.5601 47.5439 47.5278 47.5327 47.5165 
47.5845 47.5683 47.5521 47.5477 47.5316 47.5155 47.6461 47.63 47.6138 47.6064 47.6508 47.6347 47.6277 47.6116 47.5954 47.5793 47.7743 47.7581 47.8237 47.8076 
47.8678 47.8517 47.8712 47.855 47.8389 47.8227 47.8382 47.8221 47.808 47.7979 47.7863 47.7757 47.7631 47.7471 47.7311 47.715 47.7021 47.6965 47.6805 47.6821 
47.6661 47.6501 47.6446 47.7485 47.7325 47.7165 47.7005 47.6853 47.6694 47.7169 47.7009 47.6858 47.6733 47.7055 47.6896 47.7965 47.7806 47.7821 47.7664 47.7505 
47.7348 47.7192 47.7052 47.6894 47.6735 47.6576 47.9199 47.9046 47.8908 47.878 47.8621 47.8462 47.8303 47.8145 47.7986 47.7828 47.9642 47.9483 47.9347 47.9344 
47.9185 47.9653 47.9506 47.9347 47.9189 47.903 47.8872 47.8776 47.8618 47.846 47.8342 47.8185 47.8617 47.8459 47.8301 47.8308 47.8151 47.8009 47.7852 47.7695 
47.7538 47.8433 47.8276 47.8119 47.798 47.7823 47.8137 47.7981 47.7824 47.7667 47.7511 47.7354 47.8305 47.8148 47.7995 47.8427 47.827 47.8114 47.7958 47.8052 
47.7896 47.774 47.7584 47.7428 47.7272 47.7116 47.696 47.7057 47.6972 47.6817 47.6737 47.6607 47.6767 47.9339 47.9183 47.903 47.8875 47.874 47.8584 47.8589 
47.8434 47.8279 47.8124 47.8059 47.7904 47.7759 47.9001 47.8846 47.8691 47.8655 47.85 47.8346 47.8191 47.9169 47.9015 47.886 47.8705 47.8551 47.8502 47.8348 
47.8194 47.8069 47.7915 47.7761 47.7607 47.7453 47.73 47.757 47.7889 47.7736 47.7582 47.7429 47.7275 47.7121 47.7055 47.6902 47.8141 47.8937 47.8783 47.8685 
47.8532 47.8379 47.8226 47.8167 47.8168 47.8015 47.7862 47.7709 47.7618 47.7465 47.7313 47.8265 47.8113 47.8948 47.8795 47.8643 47.849 47.8338 47.8186 47.8097 
47.8006 47.8847 47.8694 47.8542 47.839 47.8444 47.8292 47.814 47.7988 47.7836 47.7817 47.8033 47.7909 47.7757 47.77 47.7838 47.7826 47.7682 47.7531 47.8153 
47.8001 47.785 47.7699 47.7548 47.7397 47.7247 47.7161 47.7011 47.6997 47.6846 47.6696 47.6546 47.6501 47.6351 47.6201 47.6051 47.6258 47.6154 47.6004 47.5854 
47.5705 47.5555 47.5405 47.5256 47.5882 47.5733 47.5589 47.6764 47.6615 47.6465 47.6316 47.6167 47.6018 47.6174 47.6104 47.5959 47.5844 47.5695 47.565 47.5676 
47.5678 47.5529 47.5762 47.5632 47.5497 47.5396 47.623 47.6082 47.5933 47.5922 47.5774 47.5631 47.5656 47.5508 47.536 47.5224 47.5077 47.4929 47.4781 47.4822 
47.4677 47.4834 47.5119 47.4971 47.4824 47.4677 47.453 47.4383 47.4236 47.4106 47.396 47.3813 47.3666 47.352 47.3978 47.3832 47.3685 47.355 47.3483 47.3407 
47.3261 47.4666 47.452 47.4398 47.5081 47.7843 47.7696 47.7549 47.7404 47.7257 47.711 47.6963 47.6817 47.6677 47.653 47.6384 47.6238 47.6092 47.5946 47.58 
47.5667 47.5522 47.5425 47.5279 47.5134 47.4988 47.4843 47.4698 47.4637 47.4492 47.4347 47.4202 47.4098 47.3954 47.3809 47.3665 47.352 47.3376 47.3624 47.3479 
47.3335 47.3191 47.3424 47.328 47.3136 47.2992 47.2848 47.2787 47.2644 47.25 47.2356 47.2213 47.207 47.1926 47.213 47.1987 47.228 47.2165 47.2022 47.1879 
47.1736 47.1594 47.1457 47.1315 47.1172 47.103 47.0887 47.0745 47.0603 47.0549 47.0407 47.0274 47.0186 47.0044 47.0839 47.0697 47.0565 47.0424 47.0282 47.014 
46.9999 46.986 46.9718 46.9577 46.9436 46.9295 46.9154 46.9013 46.8872 46.8731 46.859 46.9134 46.8993 46.8852 46.8711 47.0151 47.0015 46.9909 46.9768 46.9627 
46.9487 46.9346 46.9206 46.9066 46.8929 46.8799 46.9746 46.9611 46.9683 46.9543 46.9574 47.0323 47.0183 47.013 46.999 46.985 46.9742 46.9641 46.9968 46.9828 
47.0065 46.9925 46.9786 46.9647 46.9554 46.9836 46.9708 46.9569 46.943 46.9321 46.9182 46.9044 46.8905 46.8766 46.8627 46.8489 46.835 46.9618 47.0391 47.027 
47.0271 47.0132 47.0114 47.0072 47.0029 46.989 46.9752 46.9613 46.9568 46.9429 46.9291 46.9153 46.9014 46.8876 46.8758 46.862 46.8481 46.8589 46.8451 46.8501 
46.8363 46.8225 46.8088 46.795 46.7813 46.7676 46.7538 46.9102 47.0644 47.0506 47.0506 47.0372 47.0415 47.0338 47.02 47.0116 46.9994 46.988 46.9743 46.9606 
46.9468 46.9331 46.9194 46.9062 46.8925 46.8788 46.8651 46.8514 46.9592 46.9455 46.9318 46.9427 46.929 46.9154 46.9196 46.906 46.8923 46.8947 46.8811 46.8674 
46.8538 46.8402 46.9342 46.9206 46.939 46.9254 46.9136 46.9 46.8864 46.912 46.9081 46.8945 46.8809 46.8674 46.8692 46.8557 46.8421 46.9193 46.9213 46.9077 
46.8941 46.8806 46.867 46.8547 46.8439 46.8687 46.9982 46.9866 46.9797 46.9887 46.9752 46.9617 46.9482 46.9995 46.9859 47.0455 47.0322 47.0186 47.0052 46.9917 
46.9782 46.9647 46.9513 46.9397 46.9262 46.9159 46.9024 46.889 46.8799 46.8664 46.8541 46.8406 46.8272 46.8226 46.8092 46.7958 46.788 46.7813 46.7679 46.7546 
46.7412 46.7279 46.7259 46.7174 46.7088 46.6955 46.7543 46.7599 46.7848 46.7952 46.7927 46.7794 46.7661 46.7528 46.7395 46.7261 46.7271 46.7139 46.7006 46.7147 
46.7082 46.6949 46.8117 46.7984 46.7852 46.9635 46.9502 46.9369 46.9286 46.9153 46.9156 46.9023 46.8931 46.8798 46.8666 46.8533 46.84 46.851 46.8377 46.8422 
47.0088 46.9956 47.0171 47.05 47.0583 47.0641 47.0508 47.0386 47.0254 47.0121 47.009 46.9957 46.9825 46.9955 46.9823 46.9937 47.1328 47.1195 47.1063 47.0931 
47.0798 47.0708 47.0576 47.0444 47.0312 47.0184 47.0052 47.0208 47.0243 47.0112 46.9999 46.9868 47.062 47.0488 47.0357 47.0436 47.0304 47.0173 47.0042 46.991 
46.9779 47.0547 47.0416 47.0284 47.0153 47.0022 46.9891 47.0019 46.9888 46.9757 46.9626 46.9495 46.9365 46.9277 46.9146 46.9016 46.8891 46.8761 46.8631 46.8534 
46.8483 46.8353 46.8223 46.8449 46.8976 46.8846 46.9226 46.9096 46.8966 46.8836 46.8706 47.0439 47.0431 47.0936 47.0806 47.0919 47.0789 47.0659 47.0529 47.0665 
47.0544 47.0414 47.0285 47.0155 47.0025 46.9895 46.977 46.9647 46.9517 47.0759 47.0661 47.0577 47.0447 47.099 47.0861 47.0735 47.0605 47.0476 47.0557 47.0428 
47.0299 47.017 47.0041 46.994 47.1214 47.1191 47.1062 47.1127 47.0998 47.0869 47.0783 47.1061 47.0931 47.0802 47.0674 47.0545 47.0416 47.0288 47.0264 47.0272 
47.0144 47.0018 46.989 46.9771 46.9646 46.9518 46.939 46.9262 46.9134 46.9007 46.8879 46.8766 46.8639 46.9654 46.9526 46.9399 46.9271 46.9157 46.9052 46.897 
46.9069 46.8942 46.8927 46.88 46.8672 46.9819 46.9691 46.9564 46.9456 46.9328 46.9201 46.9074 46.8947 46.882 46.8693 46.8567 46.8504 46.8851 46.8725 46.8598 
46.8471 46.8345 46.8218 46.8237 46.8191 46.8145 46.8173 46.8289 46.8908 46.8794 46.9028 46.8902 46.8775 46.9026 46.8934 46.881 46.8684 46.8558 46.8914 46.8788 
46.8772 46.8646 46.852 46.8396 46.8271 46.8145 46.8019 46.7894 46.7768 46.7643 46.7563 46.745 46.7538 46.7549 46.7424 46.7299 46.7255 46.713 46.7072 46.7275 
46.7159 46.7034 46.7891 46.7766 46.7641 46.7516 46.7391 46.7267 46.7146 46.7041 46.6916 46.7708 46.7584 46.7459 46.7338 46.7214 46.797 46.7846 46.7722 46.7785 
46.8109 46.7985 46.7861 46.7736 46.7612 46.7488 46.7411 46.7287 46.7295 46.7171 46.705 46.6927 46.823 46.8676 46.8551 46.8427 46.8303 46.8179 46.8673 46.8964 
46.884 46.8716 46.8613 46.8489 47.033 47.0206 47.0301 47.0177 47.0053 46.9929 46.9805 46.9681 46.9557 46.9483 46.9359 46.9235 46.997 47.0121 46.9998 46.9874 
47.0552 47.0428 47.1796 47.1672 47.1553 47.1429 47.134 47.1793 47.167 47.1546 47.1768 47.1644 47.1521 47.1398 47.1324 47.12 47.1319 47.1195 47.2237 47.2114 
47.199 47.2198 47.2075 47.1981 47.1857 47.1734 47.1611 47.1501 47.1379 47.1429 47.1306 47.1183 47.106 47.1003 47.088 47.0828 47.0705 47.0925 47.0802 47.068 
47.061 47.0488 47.138 47.1289 47.1166 47.1044 47.1233 47.1111 47.0989 47.1299 47.1176 47.1054 47.1185 47.1062 47.0975 47.1479 47.1385 47.1263 47.1141 47.1019 
47.0897 47.1357 47.1235 47.1245 47.1124 47.1002 47.0881 47.2246 47.2124 47.2002 47.188 47.1831 47.1958 47.1836 47.1715 47.1608 47.1532 47.141 47.1288 47.1167 
47.1046 47.109 47.0968 47.0847 47.0726 47.1025 47.0904 47.0783 47.1479 47.1358 47.1237 47.1144 47.1046 47.0925 47.0804 47.0768 47.0647 47.0526 47.0407 47.0286 
47.0166 47.0078 46.9992 46.9871 46.9899 46.9895 46.9792 46.9672 46.9552 46.9432 46.9484 46.9436 46.9334 46.9214 46.9147 46.9027 46.8908 46.8788 46.8754 46.8634 
46.8599 46.8484 46.8364 46.8365 46.8622 46.8503 46.8534 46.8415 46.8295 46.8176 46.9183 46.9064 46.8945 46.9112 46.8992 46.8873 46.8754 46.8635 46.8516 46.8865 
46.8746 46.9177 46.926 46.9141 46.9022 46.8904 46.8785 46.871 46.8594 46.8475 46.8357 46.8238 46.8251 46.8132 46.8118 46.7999 46.7881 46.9311 46.9193 46.9075 
46.8956 46.8838 46.8791 46.8685 46.8567 46.8449 46.8331 46.8213 46.8095 46.8383 46.8266 46.8148 46.8467 46.8349 46.8232 46.8372 46.8254 46.8136 46.8019 46.7901 
46.8557 46.844 46.8437 46.8319 46.8253 46.8136 46.8018 46.8085 46.7968 46.785 46.7733 46.7616 46.7499 46.7598 46.7567 46.7579 46.7462 46.7345 46.7231 46.7244 
46.7174 46.7057 46.6968 46.6852 46.6735 46.6619 46.6502 46.6933 46.6817 46.6754 46.7136 46.702 46.6904 46.6787 46.6684 46.6568 46.669 46.6574 46.6518 46.6402 
46.6287 46.6301 46.6185 46.6069 46.5953 46.5837 46.5722 46.5606 46.549 46.5375 46.5497 46.5382 46.5314 46.5544 46.5479 46.5443 46.5644 46.5528 46.5568 46.5542 
46.5943 46.6361 46.6246 46.6247 46.6132 46.6019 46.5904 46.5944 46.5923 46.5808 46.5693 46.5611 46.5496 46.5381 46.577 46.5656 46.5591 46.6425 46.631 46.6294 
46.6179 46.6064 46.595 46.5835 46.572 46.5606 46.5492 46.5377 46.5263 46.5388 46.5273 46.5331 46.5216 46.542 46.5352 46.5394 46.5607 46.5744 46.5636 46.5522 
46.5408 46.5294 46.518 46.5066 46.4953 46.4839 46.4735 46.4622 46.4529 46.488 46.5186 46.5072 46.4958 46.4857 46.4938 46.4824 46.4749 46.4636 46.4522 46.4409 
46.4706 46.4597 46.4484 46.437 46.4257 46.4165 46.4052 46.4967 46.4854 46.4755 46.5255 46.5337 46.5224 46.5111 46.4997 46.4989 46.4876 46.4763 46.5276 46.545 
46.5735 46.6613 46.6591 46.6663 46.655 46.6532 46.6972 46.6859 46.6746 46.6645 46.6532 46.6419 46.6306 46.6193 46.6081 46.5968 46.594 46.6064 46.5951 46.5838 
46.5726 46.6045 46.6257 46.6626 46.6536 46.6665 46.6879 46.6767 46.7744 46.7824 46.7711 46.7599 46.7486 46.8409 46.8297 46.8214 46.8128 46.8015 46.7903 46.8129 
46.8095 46.8603 46.849 46.8643 46.853 46.8418 46.8305 46.8192 46.8106 46.8049 46.7961 46.7849 46.7737 46.7625 46.7513 46.7538 46.7455 46.7347 46.7235 46.7124 
46.7024 46.6915 46.6802 46.6691 46.662 46.6949 46.6926 46.6819 46.6707 46.6759 46.6784 46.6673 46.6562 46.645 46.6353 46.6879 46.6788 46.6677 46.6827 46.6716 
46.6605 46.6494 46.6383 46.6272 46.6257 46.6174 46.6063 46.5953 46.5845 46.5735 46.5624 46.5513 46.5658 46.5547 46.5436 46.5729 46.6199 46.6089 46.5981 46.587 
46.5795 46.5685 46.5575 46.5465 46.5458 46.6466 46.6355 46.6245 46.6134 46.6024 46.5914 46.5804 46.5743 46.5633 46.6165 46.6055 46.6259 46.6473 46.6363 46.6253 
46.618 46.607 46.596 46.6083 46.5974 46.5864 46.5754 46.5645 46.5535 46.5426 46.5316 46.5461 46.5359 46.5535 46.5426 46.5317 46.5207 46.5098 46.5096 46.4986 
46.4877 46.4773 46.4664 46.4555 46.4493 46.4384 46.4312 46.5459 46.535 46.5241 46.5137 46.5028 46.492 46.4811 46.4971 46.4866 46.4757 46.467 46.4562 46.7411 
46.7483 46.7408 46.7299 46.722 46.7111 46.7002 46.6893 46.6784 46.6675 46.6566 46.6466 46.6359 46.635 46.6242 46.6133 46.6025 46.6173 46.6088 46.5979 46.6329 
46.6225 46.6117 46.6008 46.59 46.5792 46.5684 46.5576 46.5468 46.536 46.5252 46.5144 46.5037 46.5087 46.4979 46.5262 46.5153 46.6011 46.5943 46.5836 46.6827 
46.692 46.6811 46.6741 46.6694 46.6586 46.6478 46.6435 46.6327 46.6219 46.6111 46.6004 46.6311 46.6203 46.6384 46.6276 46.6182 46.6074 46.5967 46.586 46.6184 
46.6363 46.6255 46.6148 46.6562 46.6455 46.6347 46.624 46.6133 46.6055 46.5948 46.586 46.5753 46.5673 46.5566 46.5459 46.5352 46.5256 46.5149 46.5043 46.4935 
46.4829 46.4722 46.4874 46.4768 46.4712 46.466 46.4578 46.4471 46.4411 46.4413 46.4379 46.4289 46.4183 46.4103 46.3997 46.389 46.5924 46.6063 46.5956 46.585 
46.5898 46.5792 46.5686 46.5579 46.5482 46.5376 46.5269 46.5277 46.5366 46.526 46.5179 46.5846 46.6449 46.6343 46.6237 46.63 46.6194 46.6088 46.5982 46.5877 
46.5772 46.5666 46.5562 46.5463 46.5357 46.5252 46.5146 46.5086 46.498 46.4928 46.4823 46.4717 46.4627 46.4667 46.4852 46.4827 46.4752 46.5098 46.5251 46.6488 
46.6394 46.6289 46.6183 46.6078 46.6215 46.611 46.6344 46.625 46.6549 46.6456 46.6351 46.6245 46.6172 46.6254 46.6149 46.6044 46.5942 46.5982 46.5877 46.5772 
46.5668 46.5563 46.5458 46.5353 46.5249 46.5144 46.5039 46.4935 46.4884 46.4798 46.4693 46.4589 46.4485 46.6156 46.6067 46.6088 46.7615 46.751 46.7498 46.7393 
46.7298 46.7293 46.7188 46.7094 46.7306 46.8887 46.8782 46.8677 46.8581 46.8476 46.8434 46.8331 46.8226 46.8127 46.8022 46.7923 46.8051 46.7973 46.7868 46.7793 
46.8329 46.8588 46.8484 46.8433 46.8456 46.8352 46.8274 46.9017 46.8913 46.8937 46.8833 46.8962 46.9488 46.939 46.9285 46.9205 46.9123 46.9018 46.8914 46.881 
46.8706 46.8679 46.8737 46.8633 46.8529 46.8425 46.833 46.9405 46.9301 46.9204 46.91 46.9339 46.9259 46.9155 46.9051 46.8947 46.8843 46.874 46.8636 46.8532 
46.9053 46.8949 46.975 46.9709 46.9604 46.9501 46.9397 46.9293 46.9201 46.9097 46.8994 46.9113 46.9009 46.9117 46.9136 46.9033 46.8929 46.8826 47.0481 47.0377 
47.0865 47.0761 47.0658 47.0554 47.045 47.0347 47.1241 47.1137 47.1034 47.0936 47.0975 47.0871 47.0768 47.1594 47.149 47.1387 47.1802 47.1699 47.1596 47.1492 
47.1389 47.1285 47.1182 47.1436 47.1446 47.1343 47.1239 47.3007 47.2903 47.28 47.2696 47.268 47.2867 47.3329 47.3241 47.32 47.3482 47.3378 47.3283 47.318 
47.3077 47.2974 47.2883 47.278 47.2677 47.2574 47.2614 47.2511 47.2408 47.2306 47.2351 47.2248 47.2145 47.2043 47.194 47.196 47.1858 47.2151 47.2049 47.1946 
47.1843 47.1741 47.1639 47.2263 47.2208 47.2558 47.4695 47.4592 47.4509 47.4406 47.4303 47.4244 47.4141 47.4038 47.3936 47.3986 47.3883 47.378 47.3718 47.3615 
47.3513 47.341 47.344 47.3431 47.3328 47.3243 47.3141 47.3039 47.2936 47.2834 47.2739 47.2637 47.2535 47.2433 47.2331 47.2229 47.2127 47.2025 47.2087 47.217 
47.2082 47.198 47.1879 47.1777 47.2297 47.2195 47.2258 47.2475 47.2373 47.231 47.2208 47.2107 47.2097 47.1995 47.1898 47.1837 47.1861 47.176 47.1939 47.1838 
47.1736 47.1635 47.1869 47.1768 47.1706 47.1829 47.1728 47.1697 47.1596 47.1495 47.1436 47.1335 47.1361 47.1353 47.1252 47.1948 47.1854 47.1753 47.1652 47.1552 
47.1451 47.135 47.125 47.1158 47.1057 47.0957 47.0868 47.0768 47.0668 47.0568 47.0468 47.0367 47.0524 47.0424 47.041 47.031 47.021 47.0115 47.0015 46.9915 
46.9955 46.9855 46.9864 46.9764 46.9669 46.9697 46.9615 46.9516 46.9464 46.9365 46.9265 46.9165 46.9457 46.9357 46.9403 46.9304 46.9207 46.9107 46.9091 46.9565 
47.0259 47.0159 47.0059 46.996 46.986 46.9761 46.9661 46.9562 46.9463 46.9364 46.9339 46.924 46.9154 46.9055 46.8956 46.8857 46.8758 46.8659 46.8739 46.8662 
46.8976 46.8877 46.884 46.8741 46.8719 46.9099 46.9 46.8901 46.8803 46.8759 46.866 46.9066 46.9045 46.8947 46.8848 46.9231 46.9628 46.956 46.9488 46.9573 
46.9477 46.9384 46.9285 46.9187 46.9088 47.0163 47.0194 47.0377 47.0369 47.027 47.0172 47.0073 46.9974 46.9983 47.0099 47.0001 46.9943 46.9845 46.9747 46.9648 
46.9595 46.9506 46.9621 46.9548 46.9655 46.9557 46.9459 47.04 47.0719 47.0621 47.0523 47.0552 47.047 47.0371 47.0616 47.0566 47.0468 47.037 47.0272 47.0182 
47.0084 46.9986 46.9888 46.979 47.0201 47.0103 47.0004 46.9907 46.9809 47.0734 47.0636 47.0939 47.0842 47.0744 47.0646 47.0548 47.1217 47.1119 47.1022 47.0924 
47.0826 47.0848 47.0752 47.0655 47.0557 47.046 47.0377 47.0309 47.0378 47.03 47.0203 47.0105 47.003 46.9933 46.9836 46.9906 46.9809 47.0316 47.0219 47.0148 
47.0051 47.1693 47.1606 47.1509 47.1412 47.1319 47.1222 47.1125 47.1028 47.093 47.0833 47.0736 47.0688 47.0591 47.1017 47.1013 47.1497 47.14 47.1303 47.1231 
47.1134 47.135 47.1293 47.1447 47.1863 47.1766 47.1764 47.1667 47.1663 47.1596 47.1499 47.1814 47.1717 47.162 47.1524 47.1462 47.1366 47.1269 47.1172 47.1139 
47.1042 47.0946 47.0849 47.0753 47.1328 47.1238 47.1165 47.1098 47.1001 47.0905 47.1196 47.111 47.1357 47.1654 47.1774 47.1677 47.1898 47.1839 47.1826 47.173 
47.1633 47.1537 47.1441 47.1345 47.1249 47.1268 47.1385 47.1395 47.1302 47.1206 47.111 47.1131 47.1035 47.1409 47.1601 47.1511 47.1415 47.1319 47.1223 47.1127 
47.1072 47.1887 47.1791 47.2589 47.3654 47.3558 47.3462 47.4147 47.4051 47.4119 47.4023 47.3927 47.3831 47.3905 47.3815 47.3765 47.4128 47.4032 47.3936 47.384 
47.3802 47.3712 47.3616 47.352 47.3424 47.3427 47.5536 47.544 47.5344 47.5248 47.5152 47.5056 47.496 47.5004 47.4908 47.4824 47.4728 47.473 47.4634 47.4626 
47.4533 47.4438 47.4342 47.4246 47.4156 47.406 47.4257 47.4194 47.4099 47.4004 47.5928 47.5833 47.5737 47.5755 47.5659 47.5564 47.5646 47.5551 47.5584 47.5872 
47.5776 47.5694 47.5598 47.5539 47.6031 47.5936 47.584 47.5745 47.565 47.6609 47.6514 47.7406 47.7317 47.7727 47.7632 47.7536 47.7445 47.7349 47.7254 47.7158 
47.7117 47.7022 47.6927 47.6831 47.6736 47.664 47.6545 47.645 47.6355 47.626 47.6165 47.607 47.6164 47.6069 47.5974 47.5884 47.5788 47.5699 47.5662 47.5567 
47.5473 47.5378 47.5283 47.5189 47.5094 47.5 47.4905 47.4811 47.4717 47.4623 47.4989 47.4895 47.48 47.4706 47.5023 47.4928 47.4834 47.474 47.5818 47.5724 
47.5629 47.5537 47.5527 47.5434 47.534 47.5252 47.5358 47.5264 47.5228 47.5134 47.5092 47.4998 47.4904 47.481 47.4716 47.4622 47.4528 47.4958 47.4908 47.4848 
47.4754 47.466 47.4566 47.4473 47.4379 47.4285 47.4191 47.4098 47.4004 47.3911 47.3817 47.3724 47.3631 47.3565 47.3471 47.3531 47.3438 47.3514 47.3421 47.3328 
47.3477 47.3384 47.3597 47.3504 47.3411 47.3318 47.3225 47.3358 47.3265 47.3297 47.3204 47.3111 47.3019 47.2926 47.3572 47.3484 47.3391 47.3298 47.3205 47.3573 
47.348 47.3528 47.3445 47.3352 47.3332 47.3286 47.3193 47.3106 47.3014 47.2921 47.2829 47.2793 47.2701 47.2822 47.3191 47.3099 47.3006 47.2914 47.2821 47.2729 
47.296 47.2973 47.2881 47.2789 47.2782 47.2689 47.2597 47.2505 47.2413 47.2321 47.2229 47.2137 47.2045 47.2263 47.2171 47.2079 47.2114 47.2022 47.2871 47.2816 
47.5406 47.5313 47.5225 47.5162 47.507 47.5029 47.4936 47.4844 47.4752 47.466 47.4692 47.46 47.4508 47.4415 47.4323 47.4231 47.4166 47.4074 47.4114 47.4409 
47.4356 47.4265 47.4308 47.4219 47.4128 47.4053 47.4247 47.4155 47.4157 47.4168 47.4077 47.3985 47.3893 47.3802 47.371 47.3619 47.3777 47.3799 47.3708 47.3616 
47.3525 47.3434 47.3342 47.3251 47.3159 47.307 47.3026 47.2935 47.2854 47.2763 47.2672 47.2581 47.249 47.3419 47.345 47.4255 47.4163 47.4078 47.4131 47.404 
47.3949 47.3944 47.3853 47.3777 47.3889 47.3798 47.3707 47.3616 47.3635 47.3544 47.3454 47.3675 47.3584 47.3493 47.3413 47.3324 47.3246 47.3275 47.3185 47.3094 
47.3578 47.3536 47.3445 47.3831 47.374 47.365 47.3559 47.3614 47.3629 47.3538 47.3448 47.3365 47.3659 47.3568 47.3571 47.3699 47.3609 47.3518 47.3428 47.3337 
47.3559 47.3468 47.3463 47.3372 47.3326 47.3268 47.4563 47.4473 47.4405 47.4315 47.4225 47.4134 47.4232 47.4141 47.4514 47.4424 47.4761 47.4682 47.4607 47.4517 
47.4448 47.4445 47.4378 47.4288 47.4198 47.4113 47.4023 47.3942 47.3852 47.3762 47.3742 47.3665 47.3575 47.3572 47.3509 47.342 47.333 47.324 47.3151 47.342 
47.3626 47.3536 47.3447 47.3357 47.3268 47.319 47.3101 47.3011 47.2947 47.2857 47.2768 47.2684 47.2854 47.2764 47.269 47.2601 47.2512 47.2423 47.2334 47.2245 
47.2155 47.2066 47.1977 47.1888 47.1879 47.1877 47.1788 47.1718 47.2443 47.2355 47.295 47.2861 47.2772 47.2683 47.2594 47.2568 47.2544 47.2455 47.2366 47.2277 
47.3037 47.2948 47.2859 47.2771 47.2682 47.2594 47.2534 47.248 47.2527 47.2661 47.258 47.2491 47.4021 47.3932 47.3843 47.3754 47.3666 47.3577 47.3488 47.3465 
47.3377 47.329 47.3331 47.3243 47.3353 47.3264 47.3549 47.346 47.3371 47.3295 47.3208 47.3462 47.3374 47.3285 47.3197 47.3226 47.316 47.3356 47.3267 47.3179 
47.3487 47.3402 47.3314 47.3225 47.3137 47.3049 47.2961 47.3326 47.324 47.3152 47.3498 47.3409 47.3406 47.3318 47.3691 47.3603 47.3673 47.3585 47.3497 47.3409 
47.3321 47.3233 47.3256 47.3169 47.3085 47.2997 47.2914 47.2826 47.2739 47.304 47.2953 47.2865 47.3218 47.313 47.3043 47.2955 47.2867 47.2888 47.2801 47.2713 
47.3351 47.3264 47.3176 47.3089 47.3073 47.2985 47.2898 47.2811 47.2723 47.2636 47.2549 47.2461 47.2374 47.2286 47.2199 47.2112 47.2248 47.2161 47.2074 47.1987 
47.19 47.1813 47.1848 47.1761 47.1674 47.1587 47.1738 47.1652 47.1565 47.1478 47.1412 47.1325 47.1238 47.1152 47.1123 47.1059 47.0996 47.1427 47.134 47.1253 
47.1167 47.108 47.0994 47.0907 47.0821 47.0734 47.1228 47.1142 47.1055 47.1288 47.1201 47.1127 47.1041 47.1641 47.1876 47.1789 47.1703 47.1616 47.153 47.1446 
47.1359 47.1273 47.1187 47.11 47.1014 47.0928 47.085 47.0944 47.0858 47.1201 47.1115 47.1031 47.0945 47.0859 47.1729 47.1693 47.1625 47.1693 47.1607 47.1521 
47.1435 47.1349 47.1263 47.1703 47.1964 47.1966 47.188 47.1794 47.1708 47.1622 47.1647 47.1635 47.1549 47.1463 47.1379 47.1294 47.1336 47.125 47.1164 47.1079 
47.1108 47.1025 47.1984 47.2129 47.2044 47.2138 47.2052 47.1966 47.1892 47.1851 47.1784 47.1743 47.1657 47.1572 47.1486 47.1405 47.1739 47.1654 47.1574 47.2056 
47.2211 47.2138 47.2053 47.1967 47.1882 47.1797 47.1711 47.1626 47.1739 47.1785 47.17 47.1615 47.1529 47.1444 47.1391 47.1329 47.1243 47.1158 47.1073 47.0994 
47.0921 47.1521 47.2911 47.2826 47.274 47.2655 47.2593 47.2508 47.2423 47.2338 47.2253 47.2226 47.2143 47.2057 47.1972 47.1887 47.1806 47.1818 47.1736 47.2023 
47.1969 47.1884 47.1799 47.1791 47.1734 47.1663 47.2031 47.1946 47.1991 47.1906 47.2255 47.217 47.2516 47.2431 47.2347 47.2305 47.2221 47.2136 47.2108 47.2026 
47.3148 47.3063 47.4113 47.4028 47.3943 47.4097 47.4012 47.3985 47.3935 47.385 47.4357 47.4273 47.4188 47.4388 47.4845 47.496 47.4919 47.6112 47.648 47.6408 
47.6343 47.636 47.678 47.6695 47.6659 47.6574 47.6489 47.6404 47.6328 47.6337 47.6252 47.6484 47.6402 47.6317 47.6686 47.6601 47.6517 47.6458 47.6373 47.6288 
47.6399 47.6333 47.6248 47.6163 47.6214 47.6129 47.6045 47.5961 47.6202 47.6187 47.6123 47.6038 47.6126 47.6041 47.6116 47.6092 47.6007 47.5923 47.5838 47.5754 
47.5978 47.6306 47.6222 47.6697 47.6612 47.6528 47.7571 47.7495 47.7423 47.7338 47.7254 47.7169 47.7085 47.7001 47.6916 47.6864 47.6821 47.6736 47.6652 47.6569 
47.6485 47.6484 47.6493 47.6409 47.6359 47.6274 47.619 47.6122 47.6104 47.6105 47.6073 47.609 47.6006 47.5922 47.5838 47.5754 47.5689 47.5605 47.5521 47.5438 
47.5354 47.5574 47.55 47.5416 47.5332 47.5249 47.5165 47.5082 47.4998 47.4915 47.4831 47.4893 47.4809 47.4726 47.4642 47.4559 47.4693 47.4609 47.4534 47.445 
47.4367 47.4284 47.4201 47.43 47.4217 47.4134 47.4096 47.418 47.4097 47.4014 47.3931 47.3848 47.4062 47.3979 47.3945 47.395 47.3878 47.3807 47.3772 47.3711 
47.3629 47.3598 47.3515 47.4662 47.4579 47.4496 47.4413 47.433 47.4248 47.4165 47.4082 47.4008 47.4017 47.3942 47.3859 47.3777 47.3694 47.3611 47.3529 47.3784 
47.3702 47.3619 47.3537 47.3454 47.3372 47.3289 47.3207 47.3144 47.3062 47.2983 47.2901 47.2819 47.2737 47.2655 47.2572 47.249 47.2408 47.2326 47.2244 47.2205 
47.2123 47.2068 47.1986 47.1904 47.1822 47.174 47.1659 47.1618 47.1535 47.1474 47.1393 47.1311 47.1278 47.1257 47.1208 47.1127 47.1045 47.0963 47.0882 47.0839 
47.0757 47.0745 47.0664 47.0582 47.0501 47.0467 47.0386 47.0304 47.0223 47.0569 47.0488 47.041 47.0329 47.0248 47.0674 47.0702 47.125 47.1169 47.1088 47.1007 
47.0993 47.0912 47.0831 47.0753 47.0698 47.0617 47.0661 47.058 47.0586 47.0505 47.0424 47.0343 47.0423 47.0342 47.0377 47.0296 47.0222 47.0141 47.006 46.9979 
47.006 46.9979 46.9898 46.9818 46.9737 46.9934 46.9853 46.9958 46.9877 46.9797 46.973 46.9695 46.9614 46.9534 46.946 46.9554 46.9474 46.9394 46.9313 46.9233 
46.9195 46.9114 46.9034 46.8954 46.8875 46.8795 46.8715 46.8635 46.8555 46.8475 46.8395 46.8315 46.8401 46.8349 46.8269 46.8189 46.8109 46.8893 46.9171 46.9091 
46.9011 46.8931 46.9019 46.8939 46.8859 46.8779 46.8743 46.8663 46.8583 46.8504 46.8424 46.8344 46.8264 46.8222 46.8144 46.8632 46.8553 46.8473 46.8393 46.8314 
46.8619 46.8621 46.9111 46.9031 46.8951 46.8872 46.9042 46.8963 46.9214 46.9829 46.9807 46.9727 46.9648 46.9568 46.9488 46.9409 46.9329 46.9249 46.917 46.909 
46.9014 46.9028 46.8949 46.8899 46.882 46.874 46.8661 46.8582 46.8522 46.8443 46.8489 46.841 46.8564 46.8485 46.8407 46.8328 46.8249 46.8394 46.8314 46.8235 
46.9211 47.0227 47.0502 47.0425 47.0345 47.0266 47.0231 47.0154 47.0081 47.0002 46.9923 46.9997 46.9918 46.9908 46.9896 46.9817 46.9738 46.9667 46.9588 46.9509 
46.9651 46.9572 46.9811 46.9732 46.9709 46.978 46.9701 46.9622 46.9582 46.9503 46.9678 46.9599 46.9529 46.945 46.9858 46.9779 47.0031 46.9952 47.0288 47.0209 
47.0395 47.0316 47.0241 47.0162 47.0088 47.1361 47.1282 47.1203 47.1152 47.1084 47.1005 47.1375 47.1296 47.1236 47.1332 47.1253 47.1638 47.1561 47.1493 47.1415 
47.1335 47.1774 47.1695 47.1616 47.1538 47.1459 47.138 47.1301 47.1736 47.1658 47.1782 47.1703 47.1625 47.1908 47.1829 47.1751 47.1672 47.1593 47.1515 47.1476 
47.1594 47.2315 47.2236 47.267 47.2592 47.3708 47.3629 47.355 47.3471 47.343 47.3353 47.3283 47.3204 47.3126 47.3165 47.3086 47.3007 47.2929 47.2962 47.2883 
47.3052 47.2973 47.2895 47.3052 47.2973 47.2895 47.2816 47.2782 47.2703 47.2639 47.2561 47.2482 47.2472 47.2393 47.2321 47.2242 47.2164 47.2086 47.2164 47.2099 
47.2021 47.1942 47.216 47.2089 47.2011 47.1943 47.1865 47.2245 47.2167 47.2115 47.2037 47.1959 47.2918 47.284 47.2771 47.2693 47.2615 47.2537 47.2564 47.2713 
47.2835 47.2789 47.2728 47.265 47.2572 47.2495 47.2417 47.2509 47.2431 47.2354 47.2276 47.2198 47.212 47.2177 47.2099 47.2022 47.1944 47.1866 47.2388 47.2311 
47.2624 47.2546 47.2468 47.2391 47.2313 47.2235 47.2158 47.2204 47.2127 47.2049 47.1972 47.1894 47.1817 47.1763 47.1685 47.2089 47.2011 47.2026 47.1949 47.1912 
47.2309 47.2232 47.2302 47.2224 47.2147 47.207 47.1992 47.2192 47.2114 47.2229 47.2169 47.2177 47.21 47.2022 47.1948 47.1872 47.1795 47.1721 47.1695 47.164 
47.1839 47.1766 47.1707 47.163 47.1553 47.1476 47.1492 47.1415 47.1466 47.1437 47.1363 47.1302 47.1225 47.1148 47.1485 47.1408 47.1332 47.1286 47.1283 47.1206 
47.1129 47.1053 47.0976 47.0899 47.0822 47.0827 47.0751 47.1187 47.111 47.1037 47.096 47.0884 47.0876 47.0799 47.0723 47.0659 47.0583 47.0507 47.0785 47.1149 
47.1072 47.1057 47.0981 47.0905 47.0828 47.0752 47.0686 47.061 47.0534 47.1207 47.1203 47.1194 47.1135 47.184 47.1764 47.1687 47.2134 47.2057 47.1981 47.1906 
47.1917 47.184 47.1764 47.1688 47.1628 47.1552 47.1571 47.1546 47.147 47.1394 47.1318 47.1242 47.1166 47.109 47.1014 47.0937 47.0969 47.0943 47.0867 47.0827 
47.1404 47.1328 47.1369 47.1293 47.1217 47.1141 47.1065 47.1041 47.0965 47.091 47.0835 47.0759 47.0683 47.0609 47.0577 47.0547 47.0471 47.0396 47.0402 47.0326 
47.1047 47.0971 47.0903 47.1055 47.0979 47.0904 47.0903 47.0828 47.1375 47.13 47.1224 47.1185 47.1126 47.1052 47.0977 47.0902 47.0827 47.0751 47.0857 47.0782 
47.0706 47.0631 47.0809 47.0733 47.0658 47.0583 47.0507 47.0432 47.0357 47.0282 47.0572 47.05 47.0425 47.0453 47.0377 47.0302 47.0227 47.0152 47.0077 47.0025 
46.995 46.9875 46.98 46.9725 46.9707 46.9632 46.9567 46.9492 46.9811 46.9736 46.9791 46.9717 46.9642 46.9566 46.9492 46.9933 46.9962 46.9887 46.9818 46.9913 
46.9838 46.9763 46.9689 46.9614 46.9539 46.9465 46.939 46.9375 46.9301 46.9302 46.9238 46.9164 46.9089 46.9014 46.8964 46.889 46.8815 46.8765 46.869 46.8616 
46.8541 46.8473 46.8398 46.8324 46.825 46.8285 46.8213 46.8299 46.8225 46.8211 46.8137 46.811 46.8036 46.8011 46.7937 46.8143 46.8069 46.7995 46.8032 46.7958 
46.7896 46.7822 46.7748 46.7694 46.7987 46.7913 46.79 46.7826 46.7752 46.7726 46.777 46.7696 46.7622 46.7592 46.7605 46.7531 46.7472 46.7398 46.7324 46.7251 
46.719 46.716 46.7087 46.7013 46.7159 46.7085 46.7021 46.6947 46.6873 46.68 46.6726 46.6653 46.658 46.6745 46.6672 46.6598 46.6539 46.6465 46.6392 46.6327 
46.6253 46.618 46.745 46.7506 46.7432 46.7359 46.7285 46.7212 46.751 46.7436 46.7363 46.729 46.7216 46.7143 46.707 46.6997 46.6975 46.6902 46.6829 46.6793 
46.6878 46.6805 46.6732 46.6734 46.7041 46.6968 46.6996 46.6923 46.685 46.6777 46.6745 46.7078 46.7005 46.6932 46.6859 46.6786 46.6731 46.6658 46.6585 46.6561 
46.6509 46.6436 46.6443 46.6593 46.652 46.6447 46.6375 46.633 46.6257 46.6184 46.6253 46.618 46.6108 46.6121 46.6067 46.5994 46.5921 46.6182 46.6109 46.6036 
46.5979 46.5906 46.6461 46.6388 46.6351 46.6279 46.6206 46.6168 46.6182 46.6113 46.612 46.6096 46.6024 46.5951 46.5919 46.5846 46.5774 46.5702 46.563 46.5557 
46.5485 46.5413 46.5341 46.5268 46.5379 46.5307 46.5235 46.5163 46.5105 46.5283 46.5211 46.5139 46.5067 46.4995 46.4923 46.4851 46.4779 46.4818 46.476 46.4688 
46.4639 46.4772 46.4916 46.4846 46.4774 46.4702 46.463 46.4925 46.4994 46.4922 46.4851 46.4779 46.4707 46.468 46.4608 46.4536 46.4464 46.4406 46.4648 46.4576 
46.4505 46.4434 46.4362 46.4323 46.4251 46.418 46.4108 46.4042 46.4014 46.3943 46.3871 46.38 46.3728 46.3657 46.3586 46.3542 46.3471 46.3423 46.3351 46.328 
46.3209 46.3155 46.3345 46.3465 46.3393 46.3322 46.3251 46.318 46.3614 46.3543 46.3479 46.343 46.3359 46.3287 46.3216 46.3145 46.3074 46.3003 46.2932 46.3132 
46.3211 46.314 46.307 46.2999 46.293 46.3044 46.2973 46.2902 46.2833 46.351 46.3439 46.3396 46.3325 46.3254 46.3185 46.3114 46.3836 46.3774 46.3703 46.3632 
46.3695 46.3624 46.3553 46.3482 46.35 46.3597 46.3599 46.3618 46.3547 46.3476 46.3421 46.335 46.328 46.3364 46.3344 46.3274 46.3203 46.3133 46.3419 46.3349 
46.4062 46.5014 46.4944 46.5075 46.532 46.5315 46.5245 46.5174 46.5103 46.5115 46.5069 46.4999 46.4928 46.4994 46.4924 46.5331 46.5261 46.5212 46.5141 46.507 
46.5 46.4929 46.4858 46.4788 46.5014 46.497 46.4899 46.4828 46.4758 46.4883 46.4812 46.4742 46.4671 46.4601 46.4639 46.4568 46.4498 46.4428 46.4357 46.4372 
46.4302 46.425 46.418 46.411 46.404 46.3969 46.3899 46.3986 46.3934 46.3864 46.3794 46.3724 46.3654 46.3587 46.3525 46.3812 46.3742 46.3672 46.3601 46.3531 
46.3461 46.3507 46.3437 46.3367 46.3308 46.3238 46.3179 46.3181 46.3112 46.3045 46.2975 46.3021 46.2953 46.2883 46.2822 46.2752 46.2683 46.2613 46.2576 46.2541 
46.2471 46.2401 46.2353 46.2324 46.2282 46.2212 46.2143 46.2073 46.2004 46.1962 46.1893 46.1824 46.1776 46.1706 46.1637 46.1576 46.1507 46.1437 46.1368 46.1299 
46.1382 46.1313 46.1491 46.1422 46.1353 46.1461 46.14 46.1331 46.1353 46.1284 46.1215 46.1146 46.1094 46.1163 46.1094 46.1441 46.1372 46.19 46.1832 46.1764 
46.1724 46.1655 46.1586 46.1517 46.1563 46.1494 46.1512 46.1443 46.1374 46.1305 46.1672 46.1603 46.1535 46.1466 46.1445 46.199 46.1921 46.1852 46.1783 46.1714 
46.1728 46.1659 46.159 46.1537 46.1488 46.1654 46.1585 46.1516 46.1447 46.1378 46.131 46.1266 46.1213 46.1144 46.1076 46.1107 46.1038 46.0969 46.0915 46.0847 
46.0778 46.071 46.0832 46.0768 46.0699 46.0631 46.0563 46.0762 46.0694 46.0625 46.0567 46.0535 46.0467 46.0398 46.033 46.0272 46.0872 46.0804 46.0738 46.0669 
46.0822 46.1016 46.0947 46.0882 46.0814 46.0746 46.0678 46.0609 46.0541 46.0473 46.0408 46.0444 46.0376 46.0308 46.0303 46.0235 46.0167 46.0224 46.0156 46.0088 
46.002 45.9953 45.9885 45.9817 45.9851 45.9817 45.9749 45.9681 45.9613 45.9545 45.9479 45.971 45.9731 45.9663 45.9595 45.9527 45.946 45.9392 45.9324 45.9256 
45.9189 45.93 45.9233 45.923 46.0061 45.9993 45.9925 45.9858 45.979 45.9722 45.9654 45.9587 45.9519 45.9451 45.951 45.9442 45.9375 45.9311 45.9556 45.9489 
45.9918 45.9851 45.9783 45.9806 45.9738 45.9673 46.0011 45.9943 45.9876 46.0001 46.0296 46.0228 46.0165 46.0198 46.0131 46.0405 46.0385 46.0318 46.0252 46.0237 
46.017 46.0139 46.0071 46.0004 46.0048 45.9981 45.9913 45.9846 45.9779 45.9791 45.9724 45.9656 45.9589 45.9522 45.9613 45.9546 45.9483 45.9416 45.9402 45.9335 
45.9435 45.9368 45.9302 45.9235 45.917 45.9981 45.9914 45.9847 45.9924 45.9856 45.9789 45.9722 45.9682 45.9615 45.9551 45.9502 45.957 45.9611 45.9574 45.9632 
45.9587 45.952 45.9453 45.9528 45.9461 45.9394 45.9327 45.926 45.9193 45.9163 45.9096 45.9148 45.9081 45.9014 45.8947 45.8998 45.8998 45.8931 45.8907 45.8841 
45.8774 45.8707 45.8641 45.8696 45.863 45.9251 45.9184 45.9118 45.9069 45.9727 45.9661 45.9594 45.9527 45.9461 45.959 45.9523 45.9499 45.9432 45.9366 45.9779 
45.9712 45.9645 45.9579 45.9512 45.9446 45.9448 45.9381 45.9499 45.9435 45.9756 45.9828 46.039 46.0324 46.0257 46.0191 46.0124 46.0058 45.9991 45.9925 45.986 
45.9794 45.9759 45.9693 45.9626 46.0262 46.0195 46.0235 46.0547 46.048 46.0414 46.0348 46.085 46.0922 46.1152 46.1382 46.1343 46.1276 46.1229 46.1233 46.1166 
46.11 46.1033 46.1003 46.1452 46.1539 46.1543 46.1511 46.1445 46.1741 46.1675 46.1608 46.1542 46.1476 46.1409 46.1458 46.1392 46.1325 46.1259 46.1193 46.1131 
46.1207 46.1605 46.1732 46.1666 46.2439 46.2372 46.2394 46.2328 46.2261 46.2262 46.2309 46.2266 46.2354 46.2287 46.2221 46.2684 46.2682 46.2615 46.2549 46.249 
46.4538 46.4516 46.445 46.453 46.4479 46.4413 46.4352 46.4285 46.4259 46.4193 46.4192 46.4126 46.4059 46.3993 46.3926 46.386 46.3794 46.3812 46.3746 46.368 
46.3613 46.3547 46.3481 46.3427 46.3361 46.3295 46.3228 46.3314 46.3248 46.3185 46.3119 46.3053 46.2987 46.2921 46.2855 46.2789 46.2723 46.2657 46.2591 46.2525 
46.2678 46.2612 46.2551 46.2485 46.2419 46.2968 46.2902 46.2966 46.29 46.3024 46.302 46.3038 46.2972 46.2906 46.2912 46.2846 46.2781 46.2715 46.265 46.2584 
46.2518 46.2737 46.2671 46.2606 46.2542 46.2503 46.2437 46.238 46.2315 46.2249 46.2193 46.2441 46.2675 46.2609 46.2544 46.25 46.2435 46.2465 46.2472 46.2407 
46.2353 46.2287 46.2222 46.2156 46.2127 46.2061 46.1996 46.1932 46.1867 46.1801 46.1736 46.1671 46.1632 46.1567 46.1502 46.1437 46.1371 46.1306 46.1269 46.1206 
46.1299 46.1233 46.1168 46.1106 46.1041 46.0976 46.0911 46.0847 46.0948 46.0883 46.0818 46.0753 46.0953 46.0888 46.0823 46.0758 46.0715 46.065 46.0654 46.0692 
46.0663 46.0598 46.0533 46.0631 46.0566 46.0501 46.0436 46.0372 46.0441 46.0376 46.0312 46.0247 46.0182 46.0117 46.0053 46.0382 46.0444 46.0379 46.0315 46.025 
46.0185 46.1356 46.1291 46.209 46.2045 46.198 46.1915 46.1936 46.1871 46.1806 46.1741 46.1677 46.1637 46.1575 46.1682 46.1618 46.1605 46.1541 46.1476 46.1412 
46.1347 46.1554 46.149 46.1425 46.1361 46.1533 46.1472 46.1408 46.1343 46.1279 46.1214 46.1163 46.1098 46.11 46.1036 46.0979 46.0915 46.0853 46.0788 46.0764 
46.07 46.0635 46.0595 46.053 46.0577 46.0513 46.0738 46.0674 46.0609 46.0776 46.0712 46.0654 46.059 46.0649 46.0585 46.0754 46.1401 46.1336 46.1272 46.1211 
46.1146 46.1101 46.1122 46.1057 46.0993 46.0932 46.0868 46.1125 46.1061 46.0997 46.0933 46.1052 46.0988 46.0924 46.086 46.1257 46.1193 46.1129 46.1065 46.119 
46.1126 46.1062 46.1004 46.1051 46.1436 46.1372 46.1337 46.1273 46.1261 46.1197 46.1139 46.1176 46.1112 46.1048 46.1075 46.1059 46.1455 46.1392 46.1379 46.1338 
46.1274 46.121 46.1206 46.1142 46.1078 46.1014 46.0954 46.089 46.0834 46.0802 46.0777 46.0811 46.0747 46.0704 46.0653 46.0591 46.0545 46.0482 46.0418 46.0356 
46.0293 46.0971 46.0908 46.0844 46.078 46.1161 46.1097 46.1033 46.097 46.0947 46.0897 46.0833 46.077 46.0706 46.0643 46.0579 46.0517 46.0453 46.039 46.0326 
46.029 46.0226 46.0163 46.0132 46.0069 46.0425 46.0361 46.0298 46.0321 46.0323 46.026 46.0947 46.0884 46.1174 46.111 46.1047 46.0991 46.0928 46.0877 46.1027 
46.0963 46.09 46.0837 46.0837 46.0773 46.0846 46.0813 46.075 46.0686 46.0623 46.0988 46.0925 46.0862 46.0799 46.0735 46.0873 46.0936 46.0872 46.0993 46.0929 
46.0873 46.0816 46.0753 46.069 46.086 46.0839 46.0776 46.0713 46.084 46.0974 46.0911 46.0848 46.0785 46.0876 46.0813 46.0829 46.0857 46.0809 46.0747 46.1011 
46.1589 46.1526 46.1683 46.1707 46.1644 46.1581 46.1518 46.1757 46.1706 46.1643 46.158 46.1559 46.1638 46.1575 46.1636 46.1573 46.1511 46.1448 46.1385 46.1322 
46.1342 46.1279 46.1216 46.1153 46.109 46.1028 46.1068 46.1046 46.1131 46.1068 46.1195 46.124 46.1177 46.1115 46.1053 46.0991 46.0928 46.0865 46.0805 46.1634 
46.1571 46.1552 46.1489 46.1427 46.1365 46.1302 46.1239 46.1452 46.1389 46.1326 46.1971 46.1908 46.1846 46.186 46.1798 46.1792 46.1768 46.1724 46.1662 46.1672 
46.2183 46.212 46.2058 46.1995 46.1933 46.1911 46.1849 46.1978 46.2874 46.2986 46.2924 46.2861 46.2802 46.2739 46.2697 46.2634 46.2572 46.2509 46.2447 46.2384 
46.2322 46.2259 46.2197 46.2194 46.2647 46.2865 46.2803 46.2744 46.2684 46.2708 46.2737 46.2674 46.2612 46.266 46.2598 46.2535 46.2473 46.2767 46.318 46.323 
46.3168 46.3449 46.3386 46.3324 46.3392 46.333 46.3267 46.3268 46.3205 46.3186 46.3124 46.3062 46.2999 46.2966 46.2904 46.2842 46.278 46.2717 46.2655 46.2593 
46.2994 46.2932 46.287 46.2867 46.2826 46.2764 46.2731 46.2668 46.2606 46.2544 46.2482 46.2891 46.2829 46.2815 46.2753 46.2691 46.2846 46.2784 46.2853 46.2861 
46.2799 46.2785 46.2723 46.2793 46.2731 46.268 46.2786 46.2724 46.2662 46.26 46.2726 46.2691 46.2629 46.2567 46.2505 46.2443 46.2381 46.2319 46.2257 46.2196 
46.2156 46.2101 46.2039 46.1977 46.1916 46.206 46.1998 46.1978 46.1916 46.1855 46.1793 46.1757 46.1695 46.1634 46.1572 46.1515 46.1453 46.145 46.1388 46.1327 
46.1265 46.1204 46.1324 46.1263 46.1201 46.114 46.108 46.1018 46.0957 46.0896 46.1034 46.0973 46.1081 46.102 46.0961 46.09 46.0838 46.079 46.0729 46.0674 
46.0613 46.0807 46.0745 46.0684 46.0733 46.0672 46.0611 46.0558 46.0497 46.0512 46.0454 46.0532 46.047 46.0409 46.0348 46.0291 46.023 46.0169 46.0295 46.0459 
46.0398 46.0539 46.0484 46.0423 46.0362 46.043 46.0492 46.0433 46.0418 46.045 46.052 46.0459 46.0704 46.0643 46.0582 46.0534 46.0473 46.0497 46.0443 46.0383 
46.049 46.0429 46.0482 46.0421 46.0361 46.03 46.0468 46.0407 46.0346 46.0428 46.0367 46.0306 46.0245 46.0185 46.0125 46.0064 46.0003 45.9942 46.0189 46.0724 
46.0663 46.0602 46.0542 46.0481 46.042 46.036 46.0299 46.0238 46.0198 46.0272 46.0212 46.0151 46.0134 46.0073 46.0013 45.9952 46.0113 46.0053 45.9992 45.9943 
45.9882 45.9822 45.9761 45.9743 45.9683 45.9622 45.9578 45.9868 45.9808 45.9755 45.9824 46.0139 46.0137 46.0077 46.0202 46.0166 46.0106 46.0056 46.0335 46.0308 
46.0247 46.0646 46.0596 46.0535 46.1015 46.0986 46.1001 46.094 46.088 46.0842 46.0781 46.0721 46.0667 46.062 46.056 46.0499 46.0439 46.0518 46.0457 46.0398 
46.0337 46.0277 46.0217 46.1364 46.1304 46.1243 46.1303 46.1243 46.1183 46.1123 46.1401 46.1341 46.1318 46.1343 46.1282 46.1237 46.1424 46.1525 46.157 46.1509 
46.1449 46.1389 46.1399 46.1338 46.1407 46.1483 46.1786 46.2248 46.2188 46.239 46.233 46.2371 46.2316 46.2256 46.2195 46.2135 46.2221 46.216 46.2157 46.2097 
46.2037 46.1976 46.1916 46.1856 46.1828 46.1812 46.1756 46.1696 46.1636 46.1576 46.1589 46.1529 46.1469 46.1409 46.1349 46.1374 46.1314 46.1254 46.1194 46.1134 
46.1074 46.1014 46.0954 46.0895 46.0835 46.0982 46.094 46.0896 46.0836 46.0853 46.0803 46.0743 46.0683 46.0638 46.0578 46.0836 46.1645 46.1585 46.1527 46.1467 
46.1408 46.1348 46.1288 46.1228 46.1766 46.1706 46.1646 46.1606 46.1546 46.1486 46.1427 46.1367 46.1307 46.1248 46.1188 46.1129 46.1069 46.1009 46.095 46.089 
46.0832 46.0773 46.1164 46.1104 46.1045 46.0986 46.0937 46.092 46.086 46.0823 46.0763 46.0716 46.0656 46.0602 46.0542 46.0483 46.0731 46.0693 46.0634 46.0788 
46.0728 46.0669 46.0679 46.0619 46.056 46.0501 46.0441 46.0518 46.0782 46.0723 46.0783 46.0863 46.0804 46.0745 46.0686 46.079 46.0731 46.0795 46.0738 46.074 
46.0748 46.0697 46.0638 46.0579 46.052 46.0461 46.0402 46.0349 46.0401 46.0377 46.0406 46.0347 46.0288 46.0246 46.0187 46.0128 46.0069 46.001 45.9951 45.9892 
46.008 46.0021 45.9962 45.9903 45.9844 45.9853 45.9794 45.9977 45.9918 45.9859 45.9903 45.9846 45.9788 45.9952 45.9893 45.9834 45.9775 45.9716 45.9658 45.9599 
45.9636 45.9659 45.96 45.9541 45.9487 45.9449 45.9506 45.9447 45.9472 45.9413 45.9361 45.9303 45.9244 45.9185 45.9139 45.9081 45.9298 45.9239 45.918 45.9122 
45.9401 45.9348 45.929 45.9231 45.9644 45.9586 45.9527 45.9828 45.9772 45.9714 45.9655 45.9597 45.9635 45.9576 45.9518 45.9459 45.9417 45.958 45.9522 45.9463 
46.0035 45.9976 45.9918 45.986 46.0177 46.0118 46.0738 46.0691 46.0633 46.0725 46.0679 46.063 46.0572 46.0513 46.0501 46.0483 46.043 46.0371 46.0313 46.0255 
46.0415 46.0509 46.0451 46.0392 46.0335 46.0283 46.0389 46.0331 46.0273 46.0214 46.0195 46.0137 46.0078 46.002 46.0078 46.0082 46.0332 46.0274 46.0742 46.0683 
46.0625 46.0567 46.0509 46.045 46.0393 46.0849 46.0791 46.0732 46.0674 46.0616 46.0558 46.0499 46.0441 46.0401 46.0611 46.0647 46.0589 46.0938 46.0879 46.0821 
46.0763 46.0705 46.0688 46.0676 46.065 46.0601 46.0546 46.0488 46.0429 46.0371 46.0313 46.0255 46.0269 46.0211 46.0153 46.0095 46.0037 45.9979 45.9921 46.0103 
46.0095 46.0071 46.0013 45.9955 45.9955 45.9897 45.9839 45.9781 45.9724 45.9666 45.9711 45.9653 45.9615 45.9557 45.9927 45.9869 45.9811 45.9753 45.9696 46.0248 
46.0191 46.0133 46.0075 46.0017 45.9959 45.9902 45.9844 45.9786 45.9728 45.9751 45.9693 45.9726 45.9668 45.961 45.9553 45.9663 45.9606 45.9548 45.9503 45.9446 
45.9467 45.941 45.9352 45.9295 45.9237 45.918 45.9126 45.9084 45.9026 45.8969 45.9581 45.9574 45.9517 45.9824 45.9766 45.9709 45.9651 45.9641 45.9742 45.9743 
45.9685 45.9652 45.9595 45.9537 45.948 45.9422 46.0146 46.0089 46.0032 45.9975 46.0567 46.0801 46.0743 46.1011 46.0954 46.0896 46.0839 46.0821 46.0763 46.1089 
46.1032 46.0974 46.0917 46.0861 46.0812 46.076 46.0793 46.0887 46.1163 46.1505 46.1448 46.139 46.1333 46.133 46.1272 46.1235 46.1178 46.1121 46.1063 46.1015 
46.0958 46.0901 46.0864 46.0807 46.0749 46.0695 46.0638 46.0581 46.0523 46.0466 46.0409 46.036 46.0303 46.0246 46.0189 46.0161 46.0104 46.0047 45.9993 45.9936 
45.9892 45.9924 45.9867 45.9896 45.9839 45.9782 45.9738 45.9749 45.9692 45.9636 45.9589 45.9532 45.9487 45.9447 46.0049 45.9992 45.9935 45.9986 45.9929 45.9872 
45.9824 45.9954 46.0107 46.005 46.0192 46.091 46.0853 46.088 46.0923 46.0866 46.0809 46.0752 46.0715 46.0658 46.0601 46.0544 46.0509 46.0452 46.0426 46.0394 
46.0337 46.0341 46.0828 46.1313 46.1256 46.1199 46.1142 46.1085 46.1029 46.1021 46.0964 46.0908 46.0851 46.094 46.0883 46.0826 46.077 46.0713 46.0686 46.0629 
46.0576 46.052 46.0463 46.0972 46.0957 46.0944 46.0887 46.0986 46.0929 46.0873 46.0863 46.0807 46.1101 46.1044 46.0991 46.0935 46.0878 46.0821 46.0765 46.0711 
46.0655 46.0598 46.0549 46.0518 46.0622 46.0649 46.0593 46.0536 46.048 46.0423 46.0368 46.0312 46.0255 46.0199 46.0142 46.013 46.0073 46.0016 46.0096 46.0041 
46.0113 46.0056 46 46.0128 46.0073 46.0017 45.996 45.9904 45.9885 45.9829 45.9773 45.9718 45.9741 45.9684 45.9628 45.9572 45.9608 45.9622 45.9566 45.9589 
45.9741 45.9827 45.9797 45.9741 45.9707 45.9651 45.9594 45.96 45.963 45.9584 45.9528 45.9472 45.9416 45.9361 45.9574 45.9518 45.9519 45.9635 45.9579 45.969 
45.9634 46.0173 46.0117 46.0116 46.006 46.0004 45.996 45.9904 45.9914 45.9858 45.9802 45.9761 45.9705 45.9649 46.0293 46.0396 46.07 46.0646 46.0745 46.0692 
46.0636 46.058 46.0542 46.0486 46.043 46.0381 46.0324 46.0268 46.0384 46.0351 46.0295 46.0239 46.0183 46.0127 46.0128 46.0072 46.0016 45.9983 45.9971 45.9933 
45.9945 45.9889 45.9833 46.0569 46.0576 46.052 46.0513 46.0457 46.0401 46.0346 46.054 46.0485 46.0429 46.054 46.0484 46.0429 46.0395 46.0339 46.0284 46.0232 
46.0176 46.1202 46.1146 46.109 46.1035 46.0979 46.0923 46.0867 46.0811 46.0756 46.0797 46.0859 46.089 46.084 46.0834 46.0779 46.1024 46.0968 46.0913 46.0904 
46.0848 46.0792 46.0749 46.0883 46.0838 46.0918 46.0862 46.0806 46.0751 46.0695 46.064 46.0621 46.0565 46.051 46.0454 46.0745 46.069 46.0668 46.0613 46.0579 
46.0523 46.0468 46.0565 46.051 46.0455 46.0399 46.0344 46.0288 46.0233 46.0823 46.0768 46.0712 46.0676 46.1644 46.1708 46.1654 46.1728 46.1673 46.2925 46.3262 
46.3211 46.3155 46.31 46.3044 46.2989 46.2981 46.3122 46.3082 46.3026 46.2988 46.2932 46.2877 46.313 46.3315 46.326 46.3204 46.3149 46.3093 46.3066 46.3053 
46.2998 46.2953 46.2898 46.2858 46.2803 46.2747 46.2692 46.2636 46.2581 46.2525 46.247 46.2417 46.2362 46.233 46.2275 46.2225 46.2196 46.2149 46.2203 46.2223 
46.2167 46.2112 46.2057 46.2001 46.1946 46.1957 46.1902 46.1846 46.1858 46.1803 46.1748 46.1694 46.1638 46.1583 46.1528 46.1496 46.1441 46.1385 46.1341 46.1286 
46.1231 46.1176 46.112 46.1065 46.101 46.0955 46.09 46.0847 46.0792 46.0737 46.0683 46.0628 46.0574 46.0519 46.0733 46.0678 46.065 46.0595 46.0541 46.0486 
46.0432 46.0393 46.0455 46.0402 46.0424 46.0369 46.0315 46.0435 46.038 46.0326 46.0516 46.0524 46.0469 46.0415 46.036 46.0318 46.0283 46.0229 46.0174 46.0119 
46.0065 46.001 45.9955 46.0112 46.0325 46.0461 46.0406 46.0355 46.03 46.0507 46.0452 46.0397 46.0542 46.0487 46.0432 46.0411 46.0356 46.0302 46.0689 46.0914 
46.086 46.0805 46.0751 46.0696 46.0643 46.0589 46.0534 46.048 46.0605 46.055 46.0496 46.0441 46.0387 46.0357 46.0331 46.0408 46.0456 46.0707 46.0707 46.0685 
46.063 46.0576 46.0521 46.0469 46.0455 46.0419 46.0364 46.031 46.0409 46.0384 46.033 46.0276 46.0649 46.0595 46.054 46.0486 46.0432 46.0377 46.0497 46.0443 
46.0458 46.0523 46.0548 46.0691 46.0636 46.0917 46.0863 46.0824 46.0805 46.0751 46.0697 46.0642 46.0588 46.0534 46.048 46.0556 46.0565 46.0583 46.0543 46.0489 
46.0434 46.038 46.0326 46.0388 46.0333 46.0279 46.0225 46.0171 46.0142 46.0088 46.0034 45.998 45.9926 45.9941 45.9904 46.006 46.0006 45.9975 45.9921 46.0142 
46.0088 46.0133 46.0079 46.0025 45.9982 45.9928 46.0043 45.9989 45.9935 45.9881 45.9827 45.9774 45.972 45.9666 45.9612 45.961 45.9557 45.9528 45.948 45.9723 
45.9669 45.9718 45.9689 45.9635 45.9582 45.9609 45.9556 45.9526 45.9714 45.9772 46.0274 46.0221 46.0167 46.0216 46.0422 46.1099 46.1045 46.0991 46.122 46.1202 
46.115 46.1097 46.1146 46.1146 46.1092 46.1038 46.1166 46.1133 46.1112 46.1058 46.1004 46.095 46.0898 46.0844 46.1052 46.1005 46.11 46.1047 46.0993 46.0939 
46.0885 46.0832 46.0778 46.0748 46.0727 46.0673 46.0725 46.0852 46.0798 46.0829 46.0776 46.0987 46.0933 46.0879 46.0889 46.0836 46.0871 46.1049 46.0995 46.1166 
46.1153 46.1099 46.1045 46.0992 46.096 46.1252 46.1198 46.1174 46.112 46.1103 46.105 46.0996 46.0942 46.0889 46.0923 46.0943 46.0974 46.1234 46.1181 46.125 
46.1197 46.1185 46.1132 46.1084 46.1031 46.0977 46.0988 46.0947 46.0894 46.084 46.0828 46.0774 46.0721 46.0667 46.0614 46.0601 46.0547 46.0494 46.0441 46.0431 
46.0378 46.0325 46.0272 46.0593 46.054 46.0516 46.0463 46.0436 46.0383 46.033 46.0276 46.0223 46.017 46.0117 46.0064 46.0011 46.0136 46.0082 46.0096 46.0048 
46.0261 46.0314 46.0261 46.0242 46.0189 46.0657 46.1362 46.1309 46.1296 46.1243 46.119 46.1136 46.1097 46.1043 46.1016 46.0963 46.091 46.0889 46.0836 46.0783 
46.0886 46.0833 46.0789 46.0797 46.0744 46.0691 46.0638 46.0585 46.0537 46.0484 46.0477 46.0448 46.0494 46.0441 46.0389 46.0342 46.0322 46.0295 46.1005 46.0952 
46.0899 46.1011 46.0958 46.0905 46.0852 46.1004 46.1112 46.1059 46.1006 46.1081 46.1055 46.1013 46.096 46.0908 46.1731 46.1683 46.1693 46.1738 46.1686 46.1633 
46.158 46.1556 46.1503 46.1451 46.1398 46.1346 46.1293 46.1389 46.1573 46.152 46.1611 46.1581 46.1624 46.1845 46.18 46.1747 46.1696 46.1643 46.159 46.1537 
46.1484 46.1432 46.1866 46.1813 46.1878 46.1825 46.1772 46.172 46.1667 46.1617 46.1564 46.1512 46.1459 46.1406 46.1362 46.1309 46.1256 46.1569 46.1524 46.1596 
46.1723 46.167 46.1617 46.1565 46.1533 46.161 46.1564 46.1547 46.1631 46.1578 46.1774 46.1721 46.1668 46.1616 46.1563 46.151 46.1504 46.1451 46.1399 46.1346 
46.1294 46.1241 46.1247 46.1194 46.1142 46.1097 46.1044 46.0996 46.1007 46.0955 46.091 46.0933 46.0881 46.0829 46.0776 46.0724 46.0671 46.0619 46.0567 46.0558 
46.0539 46.0487 46.058 46.0528 46.0476 46.0423 46.0371 46.0319 46.0267 46.0214 46.0162 46.011 46.0289 46.0254 46.0201 46.0149 46.0097 46.0045 45.9994 45.9942 
45.9976 45.9924 46.0214 46.0162 46.011 46.0089 46.0085 46.0054 46.0062 46.001 45.9958 45.9905 46.0291 46.0463 46.0816 46.0764 46.0712 46.066 46.0608 46.0575 
46.0523 46.0471 46.0419 46.0367 46.0316 46.0264 46.0287 46.0286 46.0234 46.0182 46.0285 46.0428 46.0376 46.0324 46.0272 46.022 46.0307 46.0255 46.0794 46.0751 
46.0699 46.0647 46.0595 46.0544 46.0609 46.0557 46.0505 46.0454 46.0559 46.0509 46.0462 46.041 46.0364 46.0312 46.063 46.0578 46.0526 46.0532 46.0484 46.0478 
46.0531 46.0479 46.0428 46.0733 46.0702 46.065 46.0598 46.0546 46.0495 46.0443 46.0391 46.0428 46.0394 46.0345 46.0293 46.0241 46.019 46.0581 46.0529 46.0557 
46.0506 46.0454 46.0402 46.0375 46.0407 46.0566 46.0514 46.0462 46.041 46.0377 46.0339 46.0815 46.101 46.1112 46.106 46.1008 46.0956 46.0905 46.1709 46.1658 
46.1607 46.1858 46.1806 46.1755 46.1703 46.1651 46.1599 46.1678 46.1627 46.1575 46.1624 46.1572 46.152 46.1469 46.1417 46.1365 46.1314 46.1262 46.1227 46.1175 
46.1124 46.1072 46.102 46.0989 46.0937 46.0886 46.0834 46.0783 46.0731 46.068 46.0628 46.0577 46.0547 46.0524 46.0473 46.0489 46.0438 46.0627 46.0581 46.0529 
46.0478 46.0427 46.0375 46.0352 46.0339 46.1153 46.1102 46.1061 46.101 46.0969 46.0918 46.0866 46.0815 46.0768 46.0716 46.0665 46.0648 46.0597 46.0606 46.0554 
46.0524 46.0527 46.0592 46.059 46.0539 46.0488 46.0437 46.0385 46.0334 46.0283 46.0319 46.033 46.0279 46.0228 46.0177 46.013 46.0088 46.0037 45.9986 45.9935 
45.9884 45.9937 45.9886 45.9835 45.9784 46.0478 46.0474 46.0423 46.0372 46.0321 46.0302 46.0251 46.0212 46.0161 46.011 46.0064 46.0013 45.9962 45.9962 45.9911 
45.986 45.981 45.9759 45.9817 45.9766 45.9719 45.9698 45.9665 45.9614 45.9563 45.9609 45.9558 45.9508 45.9457 45.9406 45.9355 45.9318 46.01 46.0052 46.0001 
45.9961 45.991 45.991 45.9915 46.0005 45.9957 45.9935 45.9884 45.9833 45.9856 45.9904 45.9853 46.0116 46.0065 46.0014 45.9964 45.9913 45.9902 45.9946 45.994 
45.9889 45.9839 45.9788 45.9739 45.9765 45.9714 45.9716 45.9932 45.9883 45.9848 46.0391 46.034 46.051 46.0459 46.0409 46.0358 46.0311 46.026 46.0209 46.0159 
46.0182 46.0145 46.0129 46.0078 46.0042 45.9992 46.0291 46.024 46.027 46.0221 46.0181 46.013 46.008 46.0068 46.0017 45.9967 45.9916 45.9866 45.9815 45.9764 
45.974 45.9845 45.9795 45.9744 45.9694 45.967 45.9619 45.959 45.9539 45.9489 45.9606 45.9555 45.9505 45.9466 45.9416 45.9366 45.9315 45.9351 45.9305 45.9254 
45.9204 45.9154 45.9103 45.9053 45.9003 45.8956 45.8906 45.9169 45.921 45.9326 45.9276 45.9226 45.9386 45.935 45.93 45.9935 45.9885 45.9834 45.9865 45.9815 
45.9764 45.975 45.97 46.0373 46.0323 46.0272 46.0239 46.0188 46.0154 46.0132 46.054 46.0489 46.0439 46.0806 46.0756 46.0706 46.0978 46.0928 46.1 46.099 
46.094 46.0889 46.0839 46.0789 46.0739 46.0688 46.0638 46.1038 46.0988 46.0937 46.0887 46.086 46.081 46.0759 46.0773 46.0811 46.0878 46.0828 46.0777 46.0727 
46.0677 46.0653 46.0603 46.0553 46.0503 46.0453 46.0403 46.0352 46.0302 46.0252 46.0202 46.0579 46.0646 46.0899 46.1146 46.1096 46.1046 46.0996 46.0947 46.0911 
46.0861 46.1646 46.1665 46.1615 46.1565 46.1515 46.1486 46.1436 46.1386 46.1531 46.1482 46.1432 46.1384 46.1392 46.1343 46.1293 46.1243 46.1193 46.1143 46.1096 
46.1046 46.1015 46.1152 46.1101 46.1269 46.122 46.1726 46.1695 46.1699 46.1649 46.1733 46.2094 46.2044 46.1994 46.2073 46.2054 46.2203 46.2374 46.2324 46.2274 
46.2224 46.2257 46.2207 46.2236 46.2224 46.2174 46.2124 46.2074 46.2024 46.1975 46.1925 46.213 46.208 46.2037 46.1987 46.1937 46.1887 46.1837 46.1788 46.1955 
46.1905 46.1855 46.1823 46.1797 46.1748 46.1822 46.1772 46.1898 46.1849 46.1799 46.1749 46.1703 46.1658 46.1608 46.1558 46.1847 46.1798 46.1748 46.1698 46.1648 
46.1599 46.1563 46.1548 46.1498 46.1593 46.1553 46.1503 46.1454 46.1404 46.1354 46.1305 46.1255 46.1205 46.1156 46.1106 46.1056 46.1045 46.1075 46.1025 46.0979 
46.0929 46.088 46.0953 46.0904 46.0854 46.0805 46.0775 46.0733 46.0685 46.0635 46.0586 46.0536 46.0487 46.0443 46.0418 46.048 46.0629 46.058 46.0792 46.0743 
46.0888 46.0846 46.0866 46.0817 46.0784 46.0734 46.0685 46.0636 46.0586 46.054 46.0548 46.0499 46.0661 46.0612 46.0562 46.0519 46.047 46.0421 46.0371 46.0322 
46.0273 46.0224 46.0713 46.0665 46.0615 46.0566 46.0517 46.0467 46.0934 46.0886 46.0837 46.0788 46.0738 46.0709 46.066 46.0638 46.0594 46.0545 46.0495 46.0478 
46.0455 46.0413 46.0364 46.0321 46.0272 46.0227 46.0178 46.0555 46.0506 46.0475 46.0425 46.0401 46.0352 46.0303 46.0254 46.0205 46.0156 46.0107 46.0058 46.019 
46.0141 46.0228 46.0236 46.0187 46.0141 46.039 46.0341 46.0292 46.0244 46.0203 46.0154 46.0407 46.0358 46.0309 46.026 46.0211 46.0162 46.014 46.0092 46.0043 
45.9993 45.9945 45.9896 45.9872 46.0013 45.9964 45.9915 45.9866 45.9817 45.9779 45.973 45.9681 46.016 46.0111 46.0064 46.0015 45.9967 45.997 45.9921 45.9872 
45.9823 45.9808 45.9759 45.971 45.9662 45.968 46.0289 46.024 46.0191 46.0142 46.0093 46.0045 45.9996 45.9947 45.9986 45.9937 45.9888 45.9839 45.9791 45.9742 
45.9699 45.9662 46.0032 45.9983 45.9934 45.9885 45.9837 45.9788 45.9739 45.9691 45.9642 45.9593 45.9556 45.9507 45.946 45.9412 45.9363 45.9314 45.9266 45.9217 
45.9169 45.912 45.9072 45.9036 45.8996 45.8963 45.8914 45.8907 45.8858 45.881 45.8761 45.8713 45.8693 45.8645 45.8596 45.9118 45.907 46.0155 46.011 46.0062 
46.0013 45.9965 45.9916 45.9868 45.9819 45.977 45.9728 45.968 45.9632 45.9737 45.9689 45.964 45.9592 45.9544 45.9496 45.9447 45.9399 45.935 45.9302 45.9258 
45.921 45.9162 45.9113 45.9206 45.9158 45.9109 45.9061 45.9013 45.9066 45.9017 45.8969 45.8921 45.8873 45.8824 45.8776 45.8728 45.868 45.8632 45.8583 45.8722 
45.8674 45.8625 45.8596 45.8547 45.8499 45.8459 45.841 45.8385 45.8807 45.9162 45.9121 45.9073 45.9024 45.8976 45.8928 45.9044 45.8996 45.8948 45.9207 45.9159 
45.9111 45.912 45.9578 45.954 45.9492 45.9444 45.9759 46.0207 46.0161 46.0113 46.085 46.0802 46.0878 46.0829 46.0781 46.0792 46.0743 46.0695 46.0647 46.0599 
46.0551 46.0569 46.0533 46.0484 46.0436 46.0388 46.0376 46.0328 46.028 46.0232 46.0296 46.0248 46.069 46.0666 46.0618 46.057 46.0592 46.0544 46.0695 46.0647 
46.0921 46.0972 46.097 46.0922 46.0891 46.0843 46.0804 46.0821 46.0773 46.0729 46.0738 46.069 46.0642 46.0594 46.0546 46.0498 46.045 46.0402 46.0354 46.0419 
46.0371 46.0323 46.0298 46.025 46.0213 46.0165 46.0117 46.009 46.0042 45.9994 45.9946 45.9898 46.0067 46.0019 45.9971 45.9923 45.9875 45.9828 45.978 45.9733 
45.9827 45.9779 45.9752 45.9705 45.9657 45.9609 45.959 45.9758 45.9711 45.9663 45.9615 45.9662 45.9614 45.9566 45.9519 45.9471 45.9423 45.9382 45.9375 45.934 
45.9354 45.9306 45.9258 45.9211 45.9163 45.9253 45.9205 45.9157 45.9132 45.9086 45.9038 45.8995 45.8947 45.8978 45.8938 45.889 45.8843 45.8795 45.8748 45.87 
45.8653 45.8606 45.8607 45.9085 45.9085 45.9038 45.899 45.896 45.8912 45.8908 45.886 45.8999 45.8951 45.8904 45.8857 45.8809 45.8762 45.8836 45.8789 45.8889 
45.8841 45.8795 45.8747 45.87 45.8659 45.8612 45.8564 45.872 45.8759 45.8711 45.8664 45.87 45.8653 45.8696 45.8648 45.8601 45.8554 45.8507 45.8459 45.8412 
45.8538 45.849 45.8443 45.8396 45.8349 45.8301 45.8254 45.8207 45.816 45.8113 45.807 45.8023 45.7975 45.81 45.8055 45.8007 45.8163 45.8116 45.8069 45.8051 
45.8004 45.8047 45.8 45.7952 45.7905 45.7858 45.7866 45.7819 45.7772 45.7725 45.7766 45.7719 45.7673 45.7626 45.8176 45.8136 45.8091 45.8045 45.7997 45.8032 
45.7985 45.7992 45.7945 45.79 45.7853 45.7806 45.7769 45.7722 45.7689 45.7642 45.7596 45.7603 45.7561 45.7514 45.751 45.7463 45.7416 45.7369 45.7614 45.7732 
45.7705 45.7658 45.7611 45.7564 45.7517 45.747 45.7429 45.7382 45.7336 45.7289 45.7242 45.724 45.7263 45.7282 45.7235 45.7188 45.7171 45.7161 45.7114 45.7068 
45.7021 45.6974 45.7423 45.7376 45.7329 45.7282 45.7236 45.7201 45.7155 45.7108 45.7062 45.7015 45.6968 45.6922 45.7038 45.7003 45.6956 45.6909 45.6863 45.6816 
45.677 45.6723 45.6683 45.6636 45.659 45.6543 45.6499 45.6453 45.643 45.6383 45.6455 45.6416 45.6369 45.652 45.6479 45.6505 45.6459 45.6412 45.6368 45.6322 
45.6276 45.6401 45.6355 45.6309 45.6266 45.622 45.6193 45.6146 45.61 45.6279 45.6233 45.6186 45.614 45.6097 45.6051 45.6265 45.6218 45.6212 45.6166 45.612 
45.608 45.6034 45.6778 45.6731 45.6685 45.6639 45.6592 45.6546 45.6499 45.6453 45.6407 45.636 45.642 45.6373 45.6327 45.6281 45.6244 45.6198 45.6502 45.6524 
45.6525 45.6479 45.6445 45.6432 45.6423 45.6377 45.6331 45.6285 45.7478 45.7436 45.7389 45.7343 45.743 45.7383 45.7603 45.7557 45.7511 45.7464 45.7418 45.7372 
45.7336 45.729 45.7243 45.7197 45.7151 45.7105 45.7059 45.7079 45.7035 45.6989 45.7095 45.7049 45.7004 45.7535 45.7489 45.7442 45.7396 45.744 45.7408 45.7362 
45.733 45.7284 45.7238 45.7192 45.7146 45.7099 45.7053 45.7007 45.6961 45.6915 45.6869 45.6823 45.6783 45.6736 45.669 45.6647 45.6601 45.6555 45.6561 45.6515 
45.6496 45.662 45.6578 45.6532 45.7054 45.7008 45.7016 45.697 45.6924 45.6878 45.6832 45.6786 45.711 45.7105 45.7059 45.7013 45.6967 45.6922 45.6944 45.6898 
45.6855 45.685 45.6805 45.676 45.6714 45.6676 45.6726 45.6681 45.6655 45.6609 45.6563 45.6517 45.7125 45.7079 45.7033 45.7019 45.6973 45.6927 45.6881 45.6842 
45.6802 45.6757 45.6762 45.6716 45.667 45.6647 45.6602 45.6556 45.651 45.6464 45.6428 45.6382 45.6336 45.629 45.6245 45.6352 45.6306 45.6298 45.6252 45.6206 
45.6179 45.6137 45.6092 45.6046 45.6163 45.6117 45.6071 45.6026 45.598 45.5934 45.5889 45.585 45.5804 45.5759 45.5719 45.5693 45.5815 45.5919 45.5969 