-36.4641 -38.8356 -25.8904 -19.4178 -20.2837 -21.6544 -19.7089 -17.2452 -19.0983 -17.1885 -13.9158 -14.8916 -13.7461 -13.1712 -13.2215 -14.7437 -16.2095 -15.309 9.42206 7.5535 13.1902 
13.5782 12.9878 12.4467 11.9488 158.654 152.778 146.397 141.349 136.637 132.23 126.819 122.976 119.359 115.37 111.666 108.648 105.789 106.078 103.426 100.903 
98.5006 95.5528 128.903 126.039 123.299 120.676 117.301 114.193 111.412 109.227 107.127 105.106 103.159 101.284 99.8625 98.1106 96.9256 95.2828 93.6947 92.1587 
90.6723 89.2331 87.8388 85.8701 84.569 83.3068 82.188 80.9969 79.8398 78.7153 77.622 76.0428 74.8843 73.7448 72.7745 71.4554 70.5393 69.6464 68.3994 67.555 
66.7311 65.7073 64.5505 63.7911 63.0493 62.1232 61.4173 60.7272 60.0524 59.3925 61.9192 61.175 60.5242 59.8871 58.8748 58.2679 57.6057 57.0238 56.4536 55.8067 
55.2595 54.723 53.9699 53.0711 52.5704 51.7885 51.3089 50.5561 50.0731 49.2975 48.8573 48.3645 47.5789 47.0729 46.6671 47.0309 46.6323 46.2404 45.8551 45.4761 
45.1034 44.7367 44.3759 44.0209 43.3872 43.0456 42.7093 42.1315 41.8074 41.4883 40.9853 40.6771 40.3735 39.8436 39.5506 39.2619 38.9774 38.697 38.2766 38.0051 
37.7375 37.2311 36.9726 36.6584 36.4073 58.7008 62.5248 62.5034 62.0867 61.6755 61.2698 60.8693 60.236 59.8474 59.3548 58.9768 58.6035 57.9957 57.441 56.9012 
60.0096 59.6415 59.2778 58.6809 59.8233 59.465 59.1111 58.7613 58.4157 58.0741 57.8425 57.3394 57.0099 56.6841 56.1319 55.6813 55.1866 55.5096 55.2012 54.8962 
54.5946 55.5794 55.2773 54.9785 54.4683 53.9559 53.9669 53.622 53.3398 53.0605 52.5955 52.109 51.8404 51.5745 51.3114 51.0509 50.6063 50.352 50.294 50.0438 
49.796 49.5507 49.3078 50.7788 50.6203 50.3758 50.056 50.8138 50.5718 50.3321 50.0947 49.8595 49.5632 50.6221 50.3878 50.1556 52.6972 52.4565 54.3975 54.1162 
53.7292 53.4883 53.2495 55.6288 56.033 55.7862 55.7789 55.5353 55.1174 55.613 56.9663 56.6285 56.3865 56.1552 55.9172 55.6813 55.278 54.9095 54.6807 54.4538 
54.1483 53.9255 53.7045 53.3646 53.0132 52.7986 53.4674 53.3047 53.0915 52.742 52.5327 52.3194 52.1134 52.2255 52.4402 52.2361 52.0337 51.8328 51.6334 51.4356 
51.2393 50.911 52.934 52.6763 52.3239 52.0336 51.8394 51.6467 51.4554 51.2502 50.9151 50.6642 50.3479 50.1648 49.9831 49.8026 49.6235 49.4456 49.269 49.0937 
48.7727 48.8591 48.687 48.5162 48.3466 48.0723 47.9054 47.7352 47.4801 47.3169 48.046 47.882 47.7172 47.5554 47.3947 47.1036 46.9456 46.7886 46.6326 48.179 
48.0195 47.861 47.7036 47.5471 47.3178 47.1604 47.0073 46.8469 46.6543 46.5043 46.3552 46.1222 45.9753 45.8599 45.6031 45.4052 45.2624 45.1205 44.9795 44.8394 
44.7002 44.5618 44.3798 45.7299 45.5896 45.8075 46.3339 46.2562 46.116 45.9656 45.8149 45.6775 45.5407 45.4048 45.3003 45.1041 44.9707 44.7272 44.5956 44.4649 
44.3348 44.1005 43.9723 43.8449 43.7182 43.5462 43.421 43.2202 43.0967 42.8874 42.7215 42.4856 42.3656 42.2463 42.1276 41.9631 41.7301 42.9214 42.8022 42.6836 
42.5657 42.4484 42.3318 42.2158 42.0301 41.9156 41.7088 41.6142 41.4866 41.3748 41.9848 43.8947 43.7773 43.6606 45.4766 45.581 45.4604 45.3404 45.1139 44.9127 
45.0043 44.8868 45.0044 44.8408 44.7158 44.6003 44.3909 44.5037 44.2881 44.2867 44.1137 44.0015 43.8898 43.7787 44.2864 44.1748 44.0638 43.9534 43.825 43.6132 
43.5048 43.3968 43.2894 43.1393 43.0331 42.9273 42.8221 42.617 42.5131 42.4096 42.2131 42.1109 42.0092 41.9079 41.7763 50.5824 50.4614 50.341 50.2211 50.1018 
49.9831 49.8649 49.7457 49.6286 49.4879 49.372 49.2566 49.1418 49.0275 48.9138 49.4311 49.3169 49.2033 49.0902 48.9776 48.8655 48.7236 48.5186 48.4083 48.2985 
48.1853 48.0765 47.9682 47.8604 47.7531 47.6444 47.8685 47.6777 47.5382 47.4328 47.2364 47.1206 47.0168 46.9134 46.8106 46.7081 46.6061 46.4856 47.6972 47.5938 
47.4907 47.3014 47.1994 47.0979 46.9969 46.8962 46.8855 46.7855 46.686 46.5868 46.477 46.3601 46.2623 46.1649 46.0679 46.3417 46.2448 47.0674 46.9275 47.3468 
47.2485 47.1507 48.6908 48.5904 48.4303 48.3309 48.3312 48.6087 48.5095 48.4107 48.3123 48.1305 48.0331 47.9361 47.8394 47.6794 47.5836 47.4883 47.3933 47.2987 
47.6802 47.5213 47.3517 47.2068 47.1135 47.0206 46.9514 46.8592 46.7673 46.6104 46.5194 47.8165 47.6509 47.5583 47.4633 47.2923 47.1784 47.0875 46.997 46.9068 
47.3195 47.229 47.1389 47.3565 47.2665 47.0984 46.9327 46.844 46.7556 46.6676 46.5799 46.4925 46.336 46.2494 46.1631 46.0771 45.9915 45.8546 45.7697 45.6568 
45.5151 45.4313 45.3478 45.2646 45.1058 44.9524 44.7988 46.0166 45.9329 45.8496 45.7665 45.6571 45.5747 45.4368 45.3198 45.2384 45.1002 45.0195 44.9391 44.859 
44.719 44.6395 44.4937 44.415 44.3365 44.2138 44.0816 44.0041 43.9269 43.7943 43.7178 43.6415 43.5654 43.4819 43.4065 43.2733 43.1984 43.3716 44.0866 43.9569 
43.8158 43.7407 43.6658 43.5911 43.5167 43.3757 43.2853 43.2118 43.1385 43.0656 42.9928 42.878 42.8058 42.6762 42.6046 42.5332 42.4621 42.3912 42.3206 42.2398 
42.1208 42.051 41.9813 41.912 41.8428 41.7296 41.661 41.5926 41.5244 41.4564 41.3887 41.2546 41.1874 41.1204 41.0537 41.2589 41.1921 41.0999 41.0337 42.4713 
42.3883 42.3203 42.1876 42.1201 42.0024 41.9686 41.9018 41.9396 41.8203 41.7541 41.688 41.6221 41.5565 41.491 41.4258 41.3608 41.2672 41.1774 41.1131 40.9862 
40.9224 41.1248 41.02 40.9564 40.8293 40.7662 40.6698 41.3279 41.2643 41.2009 41.1377 41.0369 40.9741 40.9116 40.8258 40.7637 40.6418 40.5802 40.7058 40.6442 
43.1171 43.0521 42.9873 42.9226 42.8582 42.7939 42.7298 42.666 42.5529 42.4278 42.3646 42.3017 42.2389 42.1369 42.0746 42.0025 41.9406 41.8788 41.7639 41.7026 
41.6414 41.5805 41.5197 41.4591 41.36 41.2998 41.1795 41.1197 41.0602 41.0007 40.9415 40.8824 40.9395 40.8806 40.8218 40.7072 40.6489 40.5574 40.4865 40.3802 
40.3227 40.2653 40.151 40.0401 39.9834 39.9903 39.9338 39.8775 39.8171 39.7344 39.6747 39.6191 39.6322 39.5535 39.4983 39.4432 39.3502 39.2954 39.2391 39.1439 
39.0897 39.0356 38.9256 38.8719 38.7741 38.7208 38.6249 38.5819 38.4972 38.4445 38.392 38.3396 38.2874 38.4102 38.3024 38.2504 38.1986 38.0999 38.0484 37.9971 
37.9458 37.8948 37.8438 37.793 37.7424 37.6366 37.5818 37.4889 37.4389 37.3836 37.2792 37.21 37.2085 37.1044 37.0009 36.952 37.1464 37.0449 36.9421 36.8936 
36.8451 36.7969 36.7487 36.7007 38.2346 38.149 38.0993 38.0497 38.0369 37.94 37.8909 37.8419 37.7398 37.6912 37.5984 37.5012 37.4468 37.5823 37.5341 37.4861 
37.3884 37.3407 37.2699 37.1732 37.126 37.0788 36.9829 36.936 36.8893 36.8426 36.7961 36.7497 36.8288 36.7568 36.7377 36.6916 36.6391 36.5933 36.5476 36.5019 
36.4382 36.3466 36.3014 36.3188 36.2331 36.1882 36.1283 36.096 36.0514 35.9578 35.9135 35.8693 35.7856 35.7417 35.8397 35.7853 35.7482 36.0248 35.936 35.842 
35.7984 35.7549 35.8121 35.7687 35.6943 35.6511 35.6081 35.5651 36.417 36.3732 36.297 36.2534 36.21 36.2446 36.1949 36.1142 36.0711 36.0116 35.9501 35.9074 
35.8647 35.8222 35.7798 35.6999 35.6578 35.5786 35.5367 35.4948 35.4148 35.3732 35.2881 35.2437 35.1936 35.1525 35.0732 35.0322 34.9914 34.9025 34.814 34.762 
34.7217 34.6815 36.013 35.9714 35.9298 35.8884 35.847 35.8058 35.7646 36.1157 36.0742 35.986 35.9449 35.9038 35.8628 35.8219 35.9389 35.8924 35.9976 35.9119 
35.8712 35.8306 35.7823 35.7418 35.9109 35.8237 35.7833 35.6972 35.6571 35.6171 35.5772 36.0445 36.039 35.9911 35.9509 35.9108 35.9003 35.8604 35.9266 35.8468 
37.3921 37.3507 37.3094 37.2235 37.3739 37.3502 37.3091 38.5132 38.4709 38.4286 38.3541 38.3121 38.6584 38.689 38.6468 38.6046 38.5259 38.484 38.4421 38.3666 
38.3249 38.2834 38.242 38.2006 38.1594 38.1182 38.0393 37.9984 37.9575 37.8776 37.837 38.5916 38.5502 38.509 38.4679 38.4644 38.4234 38.349 38.2648 38.2241 
38.1836 38.1208 38.0804 37.997 37.9569 37.9168 37.8768 37.8149 37.744 37.6618 37.6223 37.5453 37.7909 37.7513 37.6685 37.6292 37.5848 37.5456 37.5065 37.4674 
37.3884 37.3496 37.2681 37.2295 37.191 37.1525 37.0803 37.0421 37.0039 36.9658 36.9277 36.8647 36.8268 36.7647 36.7044 36.6669 36.606 36.5643 36.5002 36.463 
36.3989 36.3619 36.308 36.2561 36.197 36.1604 36.1134 36.0769 36.0403 36.0039 35.9718 36.6098 36.5729 36.5362 36.6995 37.0922 37.055 36.9792 36.9577 36.9208 
36.8438 36.8071 36.7704 36.7305 36.694 36.6576 36.6059 36.7197 36.6834 36.6471 36.6109 36.5352 36.4992 36.4632 36.4273 36.3915 36.3557 36.2833 36.2477 36.1869 
36.1153 36.9291 36.8931 36.8571 36.8211 36.7817 36.7459 36.6763 36.6405 36.605 36.5422 36.4986 36.4633 36.4281 36.4308 36.4695 36.4502 36.4019 36.3669 36.2922 
36.2574 36.2226 36.8669 36.8316 36.9469 36.9116 36.8764 36.8412 36.8061 36.8675 36.8306 36.7662 36.7784 36.7436 36.7088 36.674 36.6394 36.6197 36.5852 37.3027 
37.2315 37.1792 37.1443 37.1543 37.1194 37.0846 37.0499 36.9793 36.9275 36.893 36.8586 36.8242 36.7899 36.8884 36.8541 36.8021 36.768 36.7339 36.6999 36.6659 
36.632 36.5601 36.5071 36.4735 36.4399 36.4064 36.3729 36.3395 37.4851 37.5192 37.4848 37.4128 37.342 37.3696 37.3355 37.2639 37.2175 37.1505 37.1168 37.0831 
37.1033 37.0572 37.0236 36.9901 36.9311 36.8978 36.8645 36.8312 36.798 36.7941 36.761 36.7258 36.6557 36.6228 36.59 36.5375 36.4681 36.4067 36.3473 36.2871 
36.2547 36.2224 36.1902 36.158 36.1157 36.0836 36.0517 35.9979 35.966 35.898 35.8301 35.7684 35.7035 35.672 35.6406 35.6093 35.578 35.5216 35.4904 35.4475 
35.4165 35.3513 35.2982 35.2673 35.2366 35.1706 35.1399 35.0871 35.0566 35.0261 34.9695 34.9392 34.9089 34.8787 34.8485 34.7984 34.7683 34.7043 34.6743 34.6399 
34.6101 34.5804 34.5507 34.5148 34.4852 34.4557 34.4261 34.3739 34.5206 34.4911 34.4573 34.4022 34.3729 34.3437 34.3145 34.2853 34.2213 34.1812 34.1522 34.1233 
34.0944 34.0656 34.0114 33.9803 34.1848 34.156 34.1273 34.0986 34.0459 34.0109 33.9823 33.9538 33.9254 33.897 33.8687 33.8404 33.8489 33.8207 34.0458 34.0174 
33.9891 33.9609 33.9327 33.8753 33.8472 33.7909 33.7629 33.7039 33.6445 33.6167 33.5784 33.5507 33.523 33.7563 33.7067 33.6562 34.0563 33.9944 33.9665 33.9387 
33.8997 33.872 33.8199 33.7923 33.7647 33.7038 33.667 33.6396 33.6123 33.7339 33.6755 33.6481 33.6209 33.5633 33.5362 33.509 33.482 33.455 33.4779 33.4509 
33.424 33.8589 33.8316 33.8045 33.7773 33.7172 33.69 33.7781 33.725 33.6735 33.6466 33.6197 33.5929 33.552 33.5253 33.4987 33.5296 33.5029 33.4763 33.4354 
33.4089 33.3825 33.3561 33.3096 33.2564 33.2053 33.1467 33.1206 33.0945 33.0684 33.3665 33.9757 33.9491 33.905 33.8784 33.8519 33.81 33.7718 34.6354 34.5946 
34.5702 34.5169 34.5624 34.5355 34.5087 34.4646 34.4375 34.4108 34.3841 34.3575 34.2997 34.247 34.2206 34.1942 34.1678 34.1414 34.1151 34.0889 34.4694 34.4429 
34.4446 35.1106 35.0599 35.033 35.2933 35.2663 35.2393 35.2124 35.1855 35.1587 35.1085 35.0793 35.0526 34.9972 34.9538 34.9275 34.901 34.8453 34.8189 34.7644 
34.7082 34.6819 34.6551 34.8773 34.851 34.8692 34.8429 34.8167 34.7594 34.7271 34.701 34.675 34.649 34.623 34.5971 34.5713 34.5454 34.51 34.4583 34.4311 
34.3751 34.32 34.2653 34.4634 34.4378 34.4122 34.3867 34.3401 34.309 34.4501 34.4247 34.3992 34.3738 34.3484 34.2953 34.27 34.2448 34.2196 34.189 34.1342 
34.1091 34.0841 34.8275 34.802 34.7463 34.7208 34.6838 34.6584 34.6331 34.6018 34.5688 34.5219 34.4828 34.4578 34.5801 34.5549 34.5024 34.4774 34.4248 34.3999 
34.375 34.3501 34.3061 34.2978 34.273 34.2349 34.182 34.144 34.0931 34.0484 34.0239 33.9995 33.9621 33.9087 33.8844 33.8601 33.8359 33.8117 33.7876 33.7392 
33.7151 33.6911 33.6671 33.6431 33.6457 33.5998 33.5522 33.5284 33.4907 33.467 33.4433 33.4196 33.3819 33.3491 33.3126 33.332 33.3085 33.2559 33.2366 33.1856 
33.1623 33.139 33.0914 33.0404 33.0172 32.985 33.0656 33.0425 33.0194 32.9855 32.987 32.9526 32.9283 32.9053 33.1251 33.0733 33.0388 33.0158 32.9929 32.9538 
32.931 32.8797 32.8447 32.8192 32.7884 32.7658 32.7431 32.7205 32.6696 32.6471 32.6246 32.5777 32.537 32.5147 32.4923 32.4468 32.4245 32.3769 32.3547 32.495 
32.6029 32.566 32.5438 32.5216 32.4994 32.4772 32.4353 32.4824 32.4603 32.4382 33.9348 33.9118 33.8888 33.8658 33.8372 34.2153 34.1922 34.1691 34.1197 34.0833 
34.0603 34.0373 34.0144 33.9915 33.9686 33.9194 33.8966 34.4978 34.4746 34.4238 34.4008 34.3777 34.3547 34.3041 34.2811 34.2511 34.2108 34.188 34.1652 34.1425 
34.1197 34.097 34.085 34.0349 34.0123 33.9695 33.947 33.9245 33.902 33.8646 33.8238 33.7755 33.7532 33.7057 33.6834 33.6612 33.6851 33.6629 33.6408 33.6122 
34.4898 34.4672 34.4446 34.4712 34.4406 34.4181 34.3934 34.3709 34.3484 34.2989 34.2765 34.2541 34.451 34.4058 34.3834 34.361 34.367 34.3447 34.3113 34.2763 
34.3683 34.346 34.3238 34.3016 34.2794 34.2572 34.2351 34.213 34.2452 34.2231 34.2011 34.1602 34.1294 34.1075 34.0856 34.0637 34.0212 34.1003 34.0659 34.0441 
34.0223 34.0005 33.9613 34.1418 34.12 34.0983 34.0527 34.031 34.0094 33.9664 33.9193 33.8815 33.8582 33.8367 33.8153 33.7938 33.75 34.3285 34.3033 34.2629 
34.2413 34.2149 34.1933 34.1718 34.1596 34.1381 34.1043 34.0792 34.1093 34.0879 34.0665 34.0451 34.0155 33.9942 33.9793 33.9581 33.9158 33.8946 34.6177 34.5902 
34.5686 34.5379 34.7904 34.9028 34.8576 34.8263 34.7862 34.7398 34.7182 34.6967 34.6752 34.6537 34.6248 34.5958 34.5744 34.553 34.5316 34.5103 34.4832 34.4529 
34.4101 34.3889 34.3677 34.3466 34.3254 34.3043 34.2833 34.2391 34.1949 34.174 34.1282 34.118 34.1236 34.0812 34.0961 34.0514 34.0097 33.989 33.9682 33.9428 
33.9221 33.8825 33.8619 33.8189 33.7984 33.7987 33.7782 33.7577 33.7373 33.7369 33.7164 33.6718 34.8427 34.8216 34.8877 34.8666 34.836 34.815 34.7941 34.7679 
34.7258 34.7049 34.684 34.6407 34.7027 34.6819 35.0326 35.0116 34.9659 34.9299 34.9009 34.8557 34.8348 34.814 34.7933 34.7603 34.7395 34.9929 34.9615 34.99 
34.9504 34.9297 34.9054 34.8842 34.8635 34.8428 34.798 34.7774 34.7421 34.7216 34.701 34.6805 34.6601 34.6396 34.6 34.5559 34.6019 34.5815 34.5611 34.5205 
34.5002 34.48 34.5387 34.4953 34.451 34.4066 34.3864 34.3663 34.3462 34.3261 34.3061 34.2861 34.2661 34.2461 34.2261 34.2062 34.1863 34.1637 34.1439 34.124 
34.1042 34.0744 34.0547 34.0996 34.0799 34.0362 34.0165 33.9968 33.9771 33.9415 33.9219 33.9023 33.8827 33.8632 33.8437 33.8242 33.8048 33.7853 33.7714 33.8816 
33.9785 33.959 33.9375 33.918 33.8986 33.8812 33.8449 33.8165 33.7972 33.7612 33.7419 33.7227 33.6937 33.6545 33.6353 33.7824 33.7632 33.744 33.7248 33.6828 
33.6637 33.6333 33.6142 33.5736 33.5546 33.5216 33.5026 33.4837 33.4648 33.4269 33.408 33.6401 33.6211 33.639 33.6026 33.6643 33.6233 33.6044 33.6936 33.6747 
33.6558 33.6137 33.5949 33.576 33.5572 33.5385 33.5197 33.501 33.4591 33.476 33.4565 33.4379 33.4192 33.4006 33.382 33.3404 33.3219 33.4348 33.3946 33.3761 
33.3575 33.339 33.3206 33.3021 33.2837 33.2652 33.2241 33.2058 33.1665 33.1482 33.1124 33.0941 33.0759 33.0508 33.0278 33.0096 32.9915 32.9733 32.9552 32.9371 
33.0877 33.0696 33.0514 33.0203 32.9797 32.9394 32.9333 32.915 32.897 32.8791 32.8611 32.8432 32.8253 32.8074 32.7895 32.7717 32.7522 32.7332 32.7154 32.8297 
32.8118 32.7724 32.7546 32.7144 32.6967 32.6611 32.6434 32.6258 32.6081 32.5905 32.5517 32.5342 32.6217 32.6041 32.5865 32.5482 32.5307 32.5132 32.4768 32.4594 
32.4217 32.4043 32.3667 32.3326 32.3153 32.2809 32.2636 32.2266 32.2094 32.1921 32.1749 32.1526 32.1355 32.1183 32.1012 32.0854 32.0683 32.0512 32.0726 32.0335 
32.005 31.9807 31.9542 31.9372 31.9203 31.9034 32.0803 32.0606 32.0436 32.0194 32.0782 32.0613 32.0443 32.5449 32.5277 32.4888 32.4717 32.4546 32.4375 32.4097 
32.3747 32.3577 32.3271 32.654 32.6151 32.598 32.763 32.8363 32.8072 32.79 32.7729 32.7558 32.7233 32.689 32.7972 32.7801 32.9271 32.9099 32.8718 32.849 
32.8319 32.8146 32.7973 32.7803 32.7633 32.7463 32.7293 32.7123 32.6954 32.6784 32.6615 32.6446 32.6104 32.6476 32.6307 32.6068 32.5787 32.5619 32.5243 32.4945 
32.6021 32.7734 32.7566 32.7397 32.7513 32.7265 32.7097 32.6929 32.9613 32.9444 32.9098 32.893 32.8762 32.8593 32.8407 32.8961 33.3605 33.3435 33.3168 33.2788 
33.2407 33.2176 33.1797 33.1628 33.146 33.1258 33.1089 33.0921 33.0618 33.0261 32.9944 32.9777 32.9431 32.9262 32.9095 32.8926 32.8952 32.8591 32.8425 32.817 
32.8006 32.7779 32.7614 32.7843 32.9003 32.8833 32.8668 32.8503 32.8219 32.7876 32.7711 32.7547 32.9605 32.944 32.9275 32.911 32.8739 32.8575 32.8616 32.8452 
32.8093 32.7929 32.9635 32.9268 32.9104 32.8886 32.8722 32.8559 32.8395 32.8232 32.7915 32.7752 32.7589 32.7221 32.7381 33.6639 33.6279 33.6113 33.5865 33.5698 
33.5504 33.5257 33.5091 33.4926 33.476 33.4519 33.4224 33.395 33.3582 33.6767 33.6601 33.6383 33.6218 33.5869 33.5704 33.5372 33.5208 33.5043 33.4699 33.4513 
33.4349 33.4185 33.3833 33.3669 33.3451 33.3288 33.3125 33.288 33.2675 33.2337 33.1975 33.1813 33.1544 33.1383 33.1221 33.0884 33.0723 33.0562 33.0402 33.0241 
33.0953 33.0793 33.0477 33.0317 33.0157 32.9983 32.9674 32.9515 32.9356 32.9001 32.8842 32.8684 32.8525 32.8367 32.8022 32.7864 32.7598 32.8716 32.8558 32.84 
32.8242 32.8085 32.7734 32.7577 32.7307 32.715 32.6994 32.6729 32.6379 32.6222 32.5974 32.5818 32.5663 32.5507 32.5204 32.5049 32.4894 33.3112 33.2863 33.2705 
33.4107 33.3948 33.3787 33.3628 33.3383 33.3224 33.2992 33.2835 33.2663 33.2505 33.2179 33.2022 33.1865 33.1708 33.1551 33.1395 33.1238 33.0895 33.0739 33.0407 
33.0251 32.9906 32.9612 32.9457 32.9302 32.9148 32.8993 32.8712 32.8558 32.8404 32.9224 32.907 32.8916 32.8762 32.8608 32.8325 32.8171 32.8018 32.7726 32.7573 
32.742 32.7192 32.7039 32.6887 32.6734 32.6582 32.6239 32.6087 32.5882 32.573 32.5579 32.5428 32.5277 32.5126 32.4794 32.4643 32.4342 32.4007 32.3857 32.3707 
32.3369 32.411 32.396 32.3623 32.4134 32.3984 32.3834 32.3685 32.3911 32.3631 32.3525 32.3376 32.4387 32.4177 32.4028 32.3769 32.3621 32.3472 32.3324 32.3176 
32.2853 32.2705 32.2411 32.2263 32.2116 32.1969 32.1821 32.1674 32.1528 32.1381 32.1234 32.1102 32.0956 32.0663 32.048 32.0334 32.0545 32.0399 32.0253 32.0076 
32.2215 32.2069 32.1753 32.1481 32.1169 32.0989 32.0843 32.0575 32.0429 32.0211 32.0067 31.9922 31.9778 31.9633 31.9489 31.9345 31.9201 31.9057 31.8913 31.877 
31.8566 31.8324 31.8181 31.8038 31.7895 31.773 31.7795 31.7652 31.7362 31.722 31.7077 31.6935 31.676 31.6618 31.6476 31.6335 31.6193 31.6052 32.0459 32.0316 
32.0173 31.9875 31.9587 31.9367 31.9225 31.9083 31.8941 31.8661 31.852 31.8378 31.8237 31.9214 31.9073 31.8931 31.879 31.8649 31.848 31.8339 31.8034 31.7894 
31.7753 31.7613 31.7473 31.715 31.701 31.687 31.673 31.6423 31.7857 31.7717 31.9389 31.9249 31.8935 31.8795 31.8655 31.8357 31.8217 31.8077 31.979 31.965 
31.9349 31.9209 31.8918 31.8778 31.8619 31.848 31.8341 31.8202 31.8063 31.7924 31.7606 31.7421 31.7136 31.6833 31.6695 31.6578 31.6441 31.6303 31.6166 31.5891 
31.5753 31.5616 31.5322 31.5185 31.5229 31.5093 31.4842 31.5019 31.4883 31.4747 31.445 31.4277 31.4054 31.3794 31.3659 31.3523 31.3388 32.2228 32.2033 32.6816 
32.6675 32.6535 32.6394 32.6254 32.6114 32.5973 32.5714 32.5574 32.5309 32.517 32.498 32.484 32.4542 32.4403 32.4264 32.3958 32.372 32.3581 32.3266 32.3128 
32.299 32.2852 32.6183 32.594 32.5801 32.5493 32.5265 32.5506 32.5367 32.5229 32.5091 32.5461 32.5161 32.5023 32.4885 32.4747 32.461 32.4472 32.4257 32.412 
32.3983 32.3695 32.3558 32.3313 32.3177 32.304 32.2904 32.2767 32.2631 32.2495 32.2258 32.2122 32.1986 32.1713 32.1425 32.1258 32.1123 32.0841 32.0793 32.0659 
32.106 32.0926 32.0791 32.0656 32.0555 32.042 32.0286 32.0108 31.9872 31.9739 31.9605 31.9472 32.0798 32.0664 32.0598 32.03 32.0166 32.0033 31.9739 32.0284 
32.015 32.0017 31.9759 32.0382 32.0091 32.1104 32.5591 32.5456 32.5986 32.5715 32.5409 32.5317 32.5183 32.4974 32.4968 32.5473 32.524 32.5105 32.48 32.4666 
32.4532 32.6502 32.6367 32.6232 32.6098 32.5964 32.5829 32.5695 32.5561 32.5427 32.5293 32.5372 32.5205 32.5072 32.5392 32.5258 32.6276 32.6028 32.5894 32.5677 
32.5544 32.541 32.5277 32.5144 32.5003 32.487 32.4738 32.4605 32.4471 32.4175 32.5126 32.4966 32.4834 32.4652 32.452 32.4388 32.4256 32.4354 32.4399 32.414 
32.3886 32.3615 32.3484 32.3187 32.2892 32.2761 32.263 32.25 32.2509 32.2378 32.221 32.1962 32.1669 32.1539 32.1409 32.1279 32.1048 32.0918 32.0789 32.0659 
32.053 32.0401 32.0272 32.0143 31.9944 31.9678 31.955 31.9422 31.9293 31.9165 31.9037 31.8909 31.8781 31.855 31.8332 31.8204 31.8077 31.7787 31.766 31.741 
31.7283 31.7156 31.6929 31.6803 31.6652 31.8429 31.8302 31.8105 31.7978 31.7852 31.7584 31.7305 31.7179 31.7053 31.6927 31.6705 31.6579 31.6453 31.6349 31.6223 
31.6098 31.5973 31.5848 31.5722 31.5597 31.5473 31.5348 31.5223 31.5098 31.4974 31.485 31.4667 31.4437 31.4313 31.4049 31.3768 31.3644 31.3521 31.3338 31.3215 
31.3295 31.3172 31.3048 31.4396 31.4273 31.4149 31.4022 31.3899 31.3643 31.3413 31.329 31.3167 31.2957 31.3554 31.3432 31.3309 31.3186 31.3064 31.2993 31.287 
31.3877 31.3842 31.3558 31.3436 31.3168 31.2945 31.2823 31.4382 31.4259 31.3991 31.3817 31.3695 31.3573 31.3451 31.3329 31.3208 31.2949 31.2828 31.2822 31.2602 
31.2919 31.2784 31.261 31.2987 31.2866 31.2745 31.2625 31.2504 31.2281 31.2161 31.1985 31.1718 31.1598 31.1478 31.1358 31.1238 31.1118 31.0843 31.0723 31.0527 
31.8739 32.2119 32.1995 32.1872 32.1727 32.1604 32.1371 32.208 32.1957 32.1833 32.171 32.1467 32.1221 32.1052 32.0794 32.0672 32.0549 32.0427 32.0304 32.011 
31.9834 31.9712 31.959 31.9468 32.2805 32.2996 32.2811 32.2639 32.2695 32.3545 32.3422 32.3146 32.292 32.2798 32.2663 32.24 32.2277 32.2023 32.2059 32.1937 
32.1694 32.1572 32.1294 32.1173 32.1052 32.0799 32.0678 32.0478 32.1258 32.1137 32.1659 32.1538 32.1376 32.1194 32.0947 32.0709 32.0589 32.0323 32.0203 31.9972 
31.9851 31.9731 31.9611 31.9491 31.9371 31.9112 31.9058 31.8909 31.879 31.8579 31.846 31.8427 31.8177 31.8352 31.8233 31.7961 31.7688 31.7569 31.745 31.7446 
31.7327 31.7645 31.7526 31.7408 31.7154 31.7036 31.6918 31.6771 31.869 31.8571 31.8453 31.8188 31.807 31.7876 31.7682 31.7564 31.7446 31.7328 31.7211 31.8717 
31.9381 31.9263 32.0185 32.044 32.0321 32.6667 32.6409 32.6289 32.6168 32.5955 32.628 32.616 32.6305 32.939 32.9116 32.8995 32.8874 32.8753 32.8632 32.9209 
32.9046 32.8815 32.8694 32.8439 32.8288 32.802 32.7899 32.7735 32.749 32.737 32.725 32.7496 32.7229 32.7278 32.7076 32.6908 32.6789 32.6669 32.6504 32.6246 
32.6127 32.6008 32.7404 32.7285 32.8698 32.848 32.8361 32.8241 32.8122 32.8002 32.7883 32.7764 32.7645 32.7376 32.933 32.977 32.9514 32.9382 32.9262 32.9143 
32.9024 32.8905 32.8786 32.8547 32.8428 32.9323 32.9204 32.9026 32.8766 32.8503 32.8385 32.8266 32.8109 32.799 32.7872 32.7754 32.7579 32.7461 32.7221 32.7103 
32.6856 32.6721 32.6604 32.6486 32.6793 32.6676 32.6573 32.6365 32.6414 32.6297 32.6074 32.5957 32.5812 32.5695 32.5466 32.5245 32.5129 32.487 32.4754 32.5415 
32.5299 32.5116 32.4945 32.4829 32.4799 32.4762 32.4647 32.4531 32.4365 32.425 32.4134 32.4019 32.3904 32.3789 32.3674 32.3526 32.3273 32.6452 32.6264 32.6149 
32.6033 32.5918 32.5802 32.5687 32.6934 32.6685 32.657 32.6888 32.6706 32.6591 32.6387 32.6272 32.6157 32.5975 32.586 32.5745 32.5508 32.5358 32.5243 32.5129 
32.49 32.4786 32.4672 32.4483 32.4369 32.4255 32.4141 32.4028 32.4006 32.3825 32.3869 32.4101 32.3947 32.3702 32.3589 32.3469 32.3356 32.3907 32.3796 32.3683 
32.3482 32.327 32.3018 32.2762 33.0852 33.1236 33.1121 33.0997 33.1027 33.0912 33.0652 33.0445 33.033 33.0215 33.01 32.9985 32.987 32.9687 32.9494 32.938 
32.9266 32.9151 32.9313 32.9199 32.8976 33.0877 33.0627 33.0512 33.0398 33.0668 33.0554 33.5563 33.5306 33.519 33.5075 33.4959 33.4815 33.458 33.4465 33.435 
33.4234 33.4019 33.3904 33.3789 33.3674 33.3559 33.3385 33.319 33.3075 33.2837 33.2633 33.2519 33.2315 33.2201 33.2087 33.1973 33.1909 33.1795 33.1682 33.1568 
33.1376 33.1263 33.115 33.1036 33.0923 33.081 33.0697 33.0584 33.0471 33.0434 33.0215 32.9985 32.9872 32.976 32.9648 32.9589 32.9477 32.937 32.9258 32.9146 
32.9034 32.8922 32.8796 32.8685 32.8573 32.8408 32.8435 33.2203 33.209 33.1978 33.1865 33.162 33.1508 33.1396 33.1284 33.107 33.0958 33.0765 33.0653 33.0885 
33.0774 33.0662 33.0521 33.0409 33.0298 33.0187 33.0158 33.0047 33.0095 32.9891 32.9648 32.9484 32.9374 32.9263 32.9152 32.8953 32.8739 32.8629 32.8518 32.8346 
32.8236 32.8126 32.8016 32.7779 32.767 32.756 32.745 32.7341 32.7231 33.1819 33.1708 33.1459 33.1245 33.1039 33.0928 33.0807 33.0561 33.0325 33.0535 33.0425 
33.0315 33.0205 33.0095 32.998 32.987 33.4641 33.453 33.435 33.4239 33.4005 33.3761 33.4432 33.4231 33.412 33.3874 33.3666 33.3427 33.517 33.5059 33.4817 
33.4707 33.4519 33.4409 33.4244 33.4058 33.3868 33.3638 33.3394 33.3283 33.3174 33.3064 33.2954 33.2844 33.2734 33.2625 33.2383 33.2273 33.2164 33.2055 33.1945 
33.1836 33.1727 33.1618 33.1509 33.1267 33.1158 33.105 33.0941 33.0833 33.0724 33.0483 33.0375 33.0267 33.0159 33.0051 32.9943 32.9835 32.9899 32.9791 32.9561 
32.9453 32.9346 32.9238 32.9131 32.9023 32.8909 32.8802 32.8695 32.8454 32.8347 32.8738 32.8631 32.8408 32.8859 32.8752 32.8577 32.8471 32.8333 32.8931 32.8824 
32.8717 32.8499 32.8392 32.8286 32.818 32.7987 32.7881 32.7775 32.756 32.7348 32.7986 32.7759 32.7652 32.7547 32.7506 32.7268 32.7163 32.6952 32.6803 32.6564 
32.6459 32.6354 32.6121 32.6016 32.5784 32.5679 32.5574 32.5358 32.5254 32.6426 32.6218 32.6061 32.5956 32.5852 32.5747 32.5642 32.5538 32.5434 32.5329 32.5225 
32.6873 32.6769 32.6664 32.6559 32.6363 32.6129 32.6015 32.5789 32.5685 32.556 32.5456 32.5221 32.5117 33.0295 33.0189 33.0084 32.9979 32.9874 32.9769 32.9592 
33.0639 33.0533 33.0428 33.0427 33.0322 33.0217 33.1144 33.0916 33.0746 33.0622 33.0517 33.0413 33.0183 33.021 33.0818 33.0713 33.0963 33.0865 33.076 33.057 
33.0466 33.0334 33.023 33.0571 33.0466 33.0383 33.0149 33.0024 33.4311 33.4206 33.3981 33.3773 33.3668 33.3436 33.3283 33.3162 33.2984 33.2997 33.2763 33.2659 
33.2554 33.2519 33.2415 33.2309 33.2205 33.2101 33.192 33.1816 33.1712 33.1608 33.1504 33.14 33.1296 33.2567 33.2463 33.2359 33.2168 33.2064 33.196 33.1842 
33.1739 33.1635 33.195 33.1789 33.1686 33.1478 33.1248 33.1144 33.109 33.0987 33.0884 33.0673 33.0566 33.0464 33.0235 33.0133 32.9997 32.9894 32.9792 32.9569 
32.9407 32.9305 32.9369 32.9267 32.9165 32.8999 32.8811 32.8605 32.8473 32.8324 32.8222 32.7997 32.7896 32.8081 32.7979 32.7878 32.7777 32.7631 32.753 32.8179 
32.7968 32.7867 32.7766 32.7665 32.75 32.7302 32.7073 32.6858 32.6634 32.6533 32.6433 32.6332 32.6119 32.6019 32.6512 32.6411 32.627 32.617 32.5945 32.5845 
32.5745 32.5645 32.5546 32.5446 32.5346 32.5247 32.5077 32.4894 32.4795 32.4695 32.4596 32.4497 32.4281 32.4312 32.4213 32.4114 32.4015 32.3822 32.3723 32.3625 
32.3526 32.3428 33.1061 33.0933 33.0792 33.0691 33.0591 33.0388 33.0169 33.0131 32.9979 32.9828 32.9781 32.9681 32.9581 32.9721 32.9621 32.9521 32.9421 32.9321 
32.91 32.9 32.8901 32.8801 32.9927 32.9828 32.9728 32.9584 32.9484 32.9385 32.919 32.9091 32.8992 32.8805 32.8706 32.8607 32.8477 32.8378 32.8279 32.818 
32.7957 32.7859 32.776 32.7587 32.7488 32.7352 32.7253 32.7057 32.6959 32.677 32.6548 32.6348 32.6129 32.6031 32.5866 32.5671 32.5564 32.5446 32.5349 32.6207 
32.6109 32.6413 32.6316 32.6218 32.8734 32.8621 32.8478 32.8326 32.8228 32.813 32.8032 32.7814 32.7716 32.7618 32.7487 32.7267 32.7094 32.7145 32.6932 32.6835 
32.6621 32.6524 32.6427 32.633 32.6233 32.6136 32.6666 32.6491 32.6394 32.6176 32.608 32.6754 32.6657 32.6561 32.6464 32.6367 32.6246 32.615 32.6053 32.5957 
32.5861 32.5764 32.5668 32.5476 32.5261 32.5111 32.5015 32.492 32.5036 32.494 32.4723 32.4666 32.457 32.4475 32.4379 32.4284 32.9666 32.9569 32.9452 32.9356 
32.9259 32.9041 32.9736 32.9639 32.9542 32.9445 32.9349 32.9252 32.9156 32.8939 32.8761 32.8551 32.8716 32.862 32.9645 33.0283 33.0884 33.0787 33.0691 33.0594 
33.0404 33.0307 33.0211 33.0114 32.994 32.9844 32.9747 32.9651 32.9536 33.0114 33.0018 32.9922 32.976 32.9561 32.9465 32.937 32.9274 32.9178 32.8983 32.8849 
32.872 32.8625 32.9287 32.9113 32.8909 32.8813 32.8696 32.8578 32.8816 33.1331 33.1235 33.1139 33.1043 33.0947 33.0852 33.0756 33.2567 33.2471 33.2375 33.2279 
33.2321 33.2225 33.2129 33.1927 33.172 33.1625 33.1529 33.1433 33.1338 33.1242 33.1147 33.1052 33.0897 33.0802 33.0707 33.0507 33.2074 33.1978 33.1883 33.1788 
33.1692 33.1597 33.1502 33.1407 33.1213 33.1118 33.1009 33.0914 33.0819 33.0724 33.0629 33.1764 33.1669 33.1574 33.1479 33.1385 33.1592 33.1497 33.1403 33.1308 
33.1213 33.1001 33.0906 33.0812 33.0718 33.0623 33.0529 33.0361 33.031 33.0144 33.005 32.9852 32.9688 32.9594 32.95 32.9407 33.0683 33.0589 33.1123 33.0912 
33.0818 33.0606 33.0513 33.0419 33.0325 33.0232 33.0138 33.1029 33.0935 33.0729 33.0635 33.0428 33.0334 33.0208 33.0115 33.0263 33.017 33.0076 32.9876 32.9668 
32.9575 32.9492 32.9393 32.9279 32.9182 32.909 32.8997 32.9087 32.8979 32.8773 33.2588 33.2431 33.2224 33.2131 33.2038 33.3091 33.2997 33.2889 33.2796 33.2702 
33.2609 33.2515 33.2422 33.2231 33.2117 33.2023 33.193 33.1837 33.1694 33.1583 33.1386 33.1279 33.117 33.1077 33.0915 33.0822 33.073 33.0634 33.6744 33.665 
33.6539 33.6389 33.6295 33.6172 33.6079 33.5936 33.5842 33.5739 33.5646 33.5552 33.5357 33.5263 33.517 33.5077 33.4984 33.4891 33.4684 33.4591 33.4498 33.4405 
33.4236 33.4066 33.4053 33.3849 33.3756 33.3618 33.3526 33.4968 33.4875 33.4737 33.4542 33.4353 33.4213 33.4121 33.3939 33.3791 33.3699 33.3603 33.3511 33.4221 
33.41 33.4008 33.3916 33.3713 33.3508 33.3302 33.31 33.2924 33.2766 33.2674 33.2477 33.2385 33.2298 33.2206 33.2115 33.2024 33.2102 33.201 33.1809 33.1718 
33.1626 33.1785 33.1582 33.1491 33.14 33.1309 33.1218 33.1143 33.1052 33.2067 33.2578 33.2487 33.2288 33.2197 33.2079 33.1986 33.1816 33.1725 33.1622 33.1423 
33.1333 33.1141 33.1047 33.0957 33.0866 33.1216 33.1294 33.1204 33.1114 33.1001 33.0911 33.1163 33.0992 33.0794 33.0704 33.0502 33.0412 33.0384 33.0294 33.0125 
33.0035 32.9945 32.9856 32.9654 32.9555 32.9465 32.9376 32.9287 32.9115 32.9026 32.8937 32.8848 32.8759 32.9521 32.9432 32.9256 32.9167 32.9078 32.8889 32.88 
32.8894 32.8805 32.8716 32.8627 32.8427 32.8338 32.825 32.8161 32.8073 33.3989 33.379 33.3701 33.3621 33.3575 33.3485 33.3367 33.3278 33.3188 33.2988 33.2992 
33.2897 33.2807 33.2718 33.2629 33.2539 33.245 33.226 33.208 33.1991 33.1902 33.1813 33.1724 33.1623 33.1467 33.1329 33.1171 33.0975 33.0792 33.0703 33.0615 
33.0416 33.0978 33.1712 33.1917 33.4684 33.4739 33.4649 33.456 33.4471 33.4382 33.4559 33.4434 33.4345 33.4302 33.4234 33.4145 33.4056 33.3968 33.3849 33.376 
33.3672 33.3545 33.3413 33.3465 33.3311 33.3711 33.3513 33.3343 33.3172 33.2999 33.2806 33.2718 33.263 33.2542 33.2453 33.2474 33.2386 33.2198 33.211 33.2849 
33.2654 33.2566 33.2478 33.239 33.2193 33.2105 33.2017 33.1844 33.1756 33.1669 33.1532 33.1343 33.1256 33.1063 33.0867 33.1163 33.1137 33.105 33.0963 33.0876 
33.0777 33.069 33.0496 33.0409 33.0323 33.0203 33.0117 33.0025 32.9938 33.1016 33.0847 33.076 33.1017 33.0929 33.0843 33.0756 33.0669 33.0583 33.0496 33.041 
33.0238 33.0044 32.9854 32.9757 32.9763 32.9677 32.9591 32.9505 32.9492 32.9326 32.924 32.9097 32.9011 32.8926 32.8785 32.8699 32.8613 32.848 32.8472 32.8387 
32.8826 32.8741 32.8655 32.8483 32.8398 32.8211 32.8126 32.8041 32.7955 32.787 32.771 32.7625 32.7544 32.7459 32.7374 33.0581 33.0496 33.041 33.0226 33.014 
33.0055 32.9895 32.9712 32.9717 32.9947 32.9824 32.9693 32.9608 33.0417 33.0228 33.0142 33.0375 33.0289 33.0121 33.0036 32.995 32.9865 33.116 33.1074 33.0989 
33.0886 33.071 33.0625 33.054 33.0455 33.037 33.0211 33.0325 33.024 33.0224 33.014 33.0055 32.997 33.0052 33.062 33.0648 33.1141 33.1056 33.0971 33.0886 
33.0802 33.0717 33.126 33.1175 33.1001 33.0916 33.0832 33.0669 33.0585 33.05 33.0416 33.023 33.0146 33.0061 32.9977 32.9879 32.9795 32.9711 32.9607 32.9497 
32.9413 32.9599 32.9515 32.9351 32.9268 32.9184 32.8995 32.8911 32.8827 32.8744 32.866 32.8577 32.8576 32.8434 32.835 32.818 32.8097 32.8013 32.8563 32.8377 
32.821 32.8127 32.8043 32.7887 32.7804 32.7721 32.7638 32.7469 32.7387 32.964 32.9557 33.0574 33.049 33.0407 33.0323 33.0302 33.0218 33.0135 33.0191 33.0107 
33.0024 32.9941 32.9857 33.0816 33.119 33.1107 33.1023 33.0839 33.069 33.0607 33.0523 33.0421 33.0338 33.0255 33.0172 33.0089 33.0006 32.9919 32.9771 32.9688 
32.9505 32.9422 32.9619 32.9536 32.935 33.4493 33.4353 33.4269 33.4185 33.4004 33.392 33.3786 33.3702 33.3665 33.3561 33.3478 33.3395 33.321 33.3051 33.2968 
33.2791 33.2611 33.2433 33.2338 33.2255 33.2172 33.2001 33.1918 33.1836 33.1753 33.167 33.1588 33.1493 33.1364 33.1363 33.128 33.1198 33.1115 33.099 33.3241 
33.3125 33.3042 33.2959 33.2876 33.2794 33.2785 33.2702 33.262 33.2537 33.2357 33.2221 33.2138 33.1983 33.19 33.2603 33.2453 33.237 33.2191 33.9736 33.9652 
33.9568 33.9484 33.9399 33.9315 33.9231 33.9147 33.9063 33.8979 33.8896 33.8812 33.8635 33.8478 33.8464 33.8381 33.8297 33.8147 33.8064 33.7981 33.7897 33.7743 
33.7659 33.7576 33.7824 33.7647 33.7564 33.7439 33.7268 33.7129 33.6945 33.679 33.6607 33.6524 33.6442 33.6359 33.6277 33.616 33.6077 33.6364 33.6281 33.6116 
33.6034 33.5859 33.5777 33.5636 33.5554 33.6051 33.5969 33.5814 33.5732 33.565 33.5568 33.5486 33.5404 33.7336 33.7254 33.7153 33.7295 33.7213 34.1799 34.1665 
34.148 34.1397 34.1314 34.1137 34.1657 34.1544 34.1461 34.1377 34.1294 34.1211 34.1128 34.1045 34.0963 34.1257 34.1174 36.0493 36.0405 36.0318 36.0175 36.0533 
36.1621 36.1533 36.1446 36.1358 36.127 36.1129 36.097 36.0998 36.091 36.0823 36.0736 36.0648 36.0561 36.0474 36.0387 36.0731 36.0644 36.0526 36.0439 36.0412 
36.025 36.0128 36.0042 35.9955 35.9868 35.9781 35.9694 35.9509 35.9454 35.9268 35.9182 35.9095 35.9009 35.885 35.8764 35.8604 35.8517 35.8431 35.8345 35.8259 
36.3114 36.3003 36.2916 37.0336 37.0248 37.0159 36.9971 36.9798 36.9708 36.952 36.9384 36.9248 36.9126 36.9038 36.8929 36.8788 36.8643 36.8555 36.8369 36.828 
36.8156 36.8068 36.7887 36.8205 36.8018 36.784 36.8415 36.8235 36.8148 36.806 36.7913 36.7732 36.7644 36.7508 36.7456 36.7368 36.7222 36.7061 36.6974 36.7223 
36.7136 36.7048 36.6961 36.6794 36.6707 36.662 36.6533 36.6445 36.6315 36.6144 36.6057 36.5923 36.5738 36.6206 36.6055 36.5953 36.5866 36.575 36.5664 36.5577 
36.549 36.5404 36.5317 36.5231 36.5145 36.5058 36.4888 36.474 36.5343 36.519 36.5103 36.5017 36.4833 36.4651 36.4565 36.4479 36.4393 36.4587 36.4427 36.4341 
36.4205 36.4119 36.4033 36.3928 36.376 36.4142 36.4056 36.3971 36.3913 36.3827 36.3742 36.3656 36.3571 36.4058 36.3971 36.3885 36.38 36.3714 36.3832 36.3747 
36.3661 36.3483 36.3317 36.3232 36.3147 36.3478 36.3302 36.3133 36.3048 36.2919 36.2834 36.2656 36.2485 36.24 36.2315 36.223 36.2146 36.2009 36.1924 36.2096 
36.1915 36.1831 36.1734 36.4147 36.4062 36.3977 36.3813 36.3851 36.3766 36.3586 36.3501 36.6079 36.5994 36.5909 36.5824 36.5643 36.5558 37.0219 37.0112 36.9971 
36.9885 36.9793 36.9708 36.9622 36.9469 36.9383 36.9298 36.9212 36.9126 36.9622 36.9536 36.9381 36.9227 36.906 36.8921 36.874 36.8655 36.8569 36.8484 36.8478 
36.8321 36.8236 36.8113 36.8028 36.7943 36.7858 36.7773 36.7593 36.7508 36.807 36.8196 36.8111 36.8026 36.7941 36.7856 36.7771 36.7686 36.8091 36.8006 37.8299 
37.8186 37.8211 37.8124 37.8528 37.8441 37.8354 37.8267 37.818 37.8093 37.8006 37.7893 37.7806 37.7627 37.754 37.7421 37.7334 37.7247 37.7092 37.7202 37.7064 
37.6977 37.6891 37.6805 37.6718 37.6937 37.6851 37.6719 37.6633 38.0052 37.9963 37.9811 37.9724 37.9605 37.9472 37.9385 37.9259 37.9136 37.905 37.8963 37.8791 
37.8681 37.8595 37.8442 37.8306 37.821 37.8124 37.7945 37.7858 37.7742 37.7656 37.757 37.7484 37.7678 37.7559 37.7473 37.7387 37.7302 37.7182 37.7888 37.7802 
37.7623 37.7444 37.7271 37.7126 37.704 37.6861 37.6689 37.6603 37.6518 37.6342 37.6221 37.6712 37.6627 37.6534 37.6469 37.6384 37.6282 37.6196 37.604 37.5876 
37.5791 37.5706 37.5529 37.5444 37.5278 37.636 37.6275 37.6151 37.6066 37.5981 37.5896 37.5892 37.5808 37.5646 37.5562 37.5477 37.5392 37.5308 37.5182 37.5098 
37.5014 37.4929 37.4815 37.4731 37.4647 37.4469 37.4456 37.4702 37.543 37.5345 37.5261 37.5111 37.5026 37.4888 37.4804 37.4684 37.4599 37.4515 37.5717 37.5633 
37.5549 37.5464 37.538 37.5238 37.5113 37.5029 37.7171 37.7086 37.7002 37.6842 37.6758 37.6674 37.658 37.6415 37.6242 37.6965 37.826 37.8176 37.8091 37.8007 
37.7885 37.78 37.8535 37.8427 37.8572 37.8397 37.8313 37.8148 37.8064 37.7979 37.7895 37.7811 37.7727 37.7643 37.8042 37.7958 37.7831 37.7866 37.7777 37.7622 
37.7538 37.7363 37.7279 37.7195 37.7111 37.7884 37.7729 37.7597 37.7421 37.7338 37.7254 37.7151 37.7067 37.6976 37.6892 37.6809 37.6725 37.7051 37.6967 37.6884 
37.672 37.6581 37.6497 37.8939 37.8778 37.8694 37.854 37.8456 37.8281 37.8198 37.8114 37.8031 37.7858 37.7775 37.7615 37.7497 37.7655 37.7517 37.7371 37.7208 
37.7125 37.6953 37.687 37.6787 37.6626 37.6543 37.646 37.6287 37.6204 37.605 37.5934 37.5851 37.6486 37.6342 37.6259 37.6087 37.6013 37.593 37.5848 37.5765 
37.5595 37.5859 37.5776 37.5615 37.6476 37.638 37.6298 37.6216 37.611 37.6028 37.5946 37.5782 37.5609 37.55 37.5416 37.5328 37.5241 37.5324 37.5182 37.51 
37.5019 37.4854 37.4772 37.4691 37.4538 37.4389 37.4307 37.4942 37.486 37.4779 37.4671 37.4589 37.4759 37.4677 37.4596 37.4514 37.4433 37.4352 37.4194 37.4112 
37.4031 37.395 37.3869 37.3787 37.3799 37.3718 37.5124 37.4974 37.4852 37.4685 37.4603 37.444 37.4359 37.4278 37.4197 37.4115 37.4035 37.3954 37.3873 37.3702 
37.355 37.3415 37.3251 37.317 37.3089 37.3008 37.2845 37.2765 37.2985 37.2853 37.2772 37.2645 37.2545 37.2393 37.2237 37.3368 37.3287 37.3207 37.3052 37.2909 
37.2828 37.2748 37.2668 37.2587 37.2507 37.234 37.226 37.2321 37.2241 37.2072 37.2052 37.1972 37.1892 37.2139 37.2059 37.205 37.197 37.189 37.1853 37.1773 
37.1616 37.1536 37.137 37.1291 37.1965 37.1885 37.2179 37.2233 37.2153 37.2607 37.2527 37.2406 37.2327 37.2247 37.2167 37.2062 37.1983 37.1903 37.1824 37.1744 
37.1665 37.2456 37.2304 37.2144 37.2041 37.1961 37.1824 37.1787 37.166 37.1695 37.1616 37.1841 37.1761 37.1682 37.1603 37.1465 37.1386 37.14 37.1255 37.2214 
37.634 37.96 37.952 37.9439 37.9358 37.9204 37.9114 38.1116 38.1035 38.3408 38.3255 38.3174 38.3093 38.3011 38.2844 38.2762 38.2681 38.26 38.2519 38.2438 
38.2357 38.2259 38.209 38.2009 38.1928 38.3007 38.2881 38.2723 38.2642 38.2487 38.2325 38.2244 38.2111 38.2999 38.2845 38.2736 38.2818 38.2738 38.2657 38.2489 
38.235 38.2269 38.2188 38.2054 38.2018 38.1924 38.1844 38.1744 38.1708 38.1628 38.2708 38.2576 38.2495 38.2415 38.2469 38.2304 38.2224 38.2143 38.2063 38.1956 
38.1799 38.1719 38.1639 38.1559 38.1629 38.1549 38.1469 38.1389 38.1309 38.1186 38.2839 38.2759 38.2593 38.2513 38.2433 38.2294 38.2984 38.2976 38.2834 38.2676 
38.2596 38.2573 38.2493 38.2413 38.2333 38.2253 38.2184 38.2328 38.2204 38.2124 38.2044 38.1886 38.1722 38.1629 38.155 38.1394 38.1231 38.1119 38.1001 38.0922 
38.0824 38.0745 38.058 38.0415 38.0336 38.0174 38.0095 37.9951 37.9872 37.9711 37.9632 37.9468 37.9389 37.9311 37.9232 37.9153 37.9045 37.8966 37.8867 37.8788 
37.871 37.8625 37.8547 37.8468 37.839 37.8228 37.8404 37.8283 37.8204 37.8126 37.8115 37.7977 37.9534 37.9375 37.9297 37.9218 37.914 37.9062 37.8995 37.8917 
37.8839 37.876 37.8682 38.0614 38.0535 38.0682 38.0603 38.0525 38.0369 38.0205 38.0127 38.0048 37.997 37.9892 37.9753 37.9675 37.9596 37.9518 37.9642 37.9563 
37.9485 37.9407 37.9431 37.9353 37.9588 37.951 37.9432 37.9354 37.9276 37.9132 37.901 37.8868 37.879 37.8712 37.8634 37.8557 37.8479 37.8402 37.8324 37.9438 
37.936 38.0877 38.0799 38.0741 38.0663 38.0585 38.0609 38.0531 38.0453 38.0688 38.061 38.1591 38.1474 38.1396 38.1271 38.1193 38.1115 38.1038 38.096 38.0882 
38.0804 38.0727 38.0649 38.2007 38.1848 38.177 38.2755 38.2631 38.2528 38.245 38.2373 38.2295 38.2191 38.2094 38.1932 38.1821 38.1744 38.1666 38.1588 38.1464 
38.1386 38.1309 38.1231 38.1083 38.1574 38.149 38.1413 38.1335 38.1258 38.1181 38.1041 38.0908 38.0822 38.0948 38.0809 38.066 38.0523 38.0446 38.03 38.0223 
38.0071 37.9976 37.9899 38.0936 38.1131 38.0971 38.1354 38.1277 38.12 38.1123 38.1046 38.097 38.0813 38.0737 38.066 38.0583 38.0683 38.0606 38.0461 38.0384 
38.0308 38.0238 38.0162 38.0085 38.0009 37.9932 37.9856 37.9696 37.9744 37.9694 37.9553 37.9476 37.9333 37.9449 37.9373 37.9297 37.9147 37.9241 37.9088 37.9012 
37.8928 37.8852 37.8795 37.8712 37.8636 37.8486 37.841 37.8331 37.8256 37.818 37.8104 37.8028 37.787 37.7794 37.7638 37.7562 38.0125 37.9972 37.9896 37.9941 
37.9782 37.9706 37.9631 37.9494 37.9389 37.9313 37.9237 37.9162 37.9086 37.901 37.8935 37.8859 37.8783 37.8681 37.8605 37.853 37.8378 37.8281 37.8206 37.8131 
37.8055 37.7901 37.7826 37.7751 37.7604 37.7529 37.7452 37.7377 37.7293 37.7218 37.7116 37.7041 37.6892 37.6817 37.6743 37.6668 37.6593 37.6445 37.6291 37.6152 
37.607 37.5995 37.5921 37.5776 37.5702 37.903 37.8955 37.88 37.8725 37.8817 37.8729 38.0741 38.0664 38.0531 38.0406 38.0331 38.0183 38.0108 38.0033 37.9958 
37.9883 37.9766 37.9691 37.9616 37.9464 37.9428 37.9465 37.939 37.9315 37.9218 37.9143 37.9069 38.0051 37.9997 37.9922 37.9831 37.9703 37.9625 37.955 37.9414 
38.0525 38.0404 38.0329 38.0254 38.4773 38.4616 38.446 38.4319 38.4243 38.4087 38.4011 38.3936 38.386 38.3785 38.3805 38.3729 38.3606 38.353 38.366 38.3584 
38.3485 38.341 38.3301 38.3146 38.3071 38.2936 38.2861 38.2786 38.2711 38.2636 38.2491 38.2416 38.2342 38.2267 38.2145 38.2765 38.2691 38.2616 38.2535 38.2435 
38.236 38.2316 38.2242 38.2167 38.2093 38.1963 38.1888 38.1737 38.1662 38.1588 38.1514 38.1414 38.1292 38.1218 38.1144 38.1069 38.0982 38.0908 38.0761 38.0687 
38.0534 38.046 38.0324 38.0214 38.0122 38.0039 37.9965 37.9891 37.9817 38.0252 38.0178 38.0042 37.9893 38.0359 38.0266 38.0185 38.0112 38.0038 37.9907 37.9762 
37.9642 37.9502 37.9353 37.928 37.9207 37.9133 37.8981 37.8908 37.8807 37.868 37.8606 37.8465 37.8392 37.8313 37.824 37.8167 37.8125 37.8025 37.7877 37.7804 
37.7731 37.7619 37.7995 37.7922 37.7849 37.7739 37.7627 37.7555 37.7482 37.7409 37.73 37.7228 37.7109 37.6982 37.691 37.6837 37.6765 37.6692 37.6586 37.6433 
37.6334 37.6186 37.6113 37.5961 37.5834 37.5776 37.5704 37.5631 37.5506 37.5366 37.5294 37.5222 37.515 37.5504 37.5432 37.5342 37.5191 37.5083 37.5078 37.4985 
37.4913 37.5061 37.491 37.4838 37.4696 37.4624 37.4474 37.6408 37.6336 37.6195 37.6123 37.6051 37.5979 37.5907 37.576 37.5688 37.5617 37.5509 37.5401 37.5414 
37.5342 37.5192 37.512 37.4994 37.4923 37.4851 37.478 37.4708 37.4631 37.456 37.4489 37.4417 37.4268 37.4197 37.512 37.5049 37.5047 37.4976 37.4904 37.4833 
37.4727 37.4656 37.4508 37.4437 37.4366 37.4295 37.4224 37.4084 37.3943 37.3872 37.3775 37.3797 37.3726 37.3655 37.3584 37.3455 37.3326 37.3185 37.3114 37.3043 
37.2973 37.2902 37.2996 37.2925 37.2797 37.2684 37.2614 37.2543 37.2473 37.2402 37.2386 37.2316 37.2199 37.2128 37.199 37.2152 37.2028 37.188 37.181 37.174 
37.1594 37.1448 37.1377 37.1307 37.1878 37.1739 37.1669 37.3031 37.2925 37.3004 37.2858 37.2838 37.2768 37.2698 37.255 37.2463 37.2393 37.2323 37.2253 37.2183 
37.2043 37.1974 37.1839 37.177 37.17 37.1554 37.1484 37.1415 37.176 37.169 37.1576 37.146 37.139 37.132 37.1251 37.1147 37.1077 37.0946 37.0799 37.0727 
37.0657 37.057 37.05 37.0431 37.0362 37.0292 37.0223 37.0127 37.0058 36.9989 36.992 37.0088 37.4598 37.4452 37.4472 37.4568 37.4498 37.4429 37.4348 37.4702 
37.4588 37.4518 37.4448 37.4345 37.4276 37.5024 37.4883 37.4813 37.4724 37.4606 37.4537 37.4467 37.432 37.4261 37.4118 37.4049 37.8096 37.8025 37.7932 37.7862 
37.7792 37.7689 37.7618 37.7548 37.8046 37.7976 37.8342 37.8271 37.8201 37.8226 37.8094 37.8024 37.7954 37.7884 37.7814 37.7744 37.7674 37.7539 37.7469 37.7399 
37.727 37.7162 37.7092 37.7022 37.6953 37.6883 37.6813 37.6678 37.6595 37.7317 37.7248 37.7178 37.7108 37.7039 37.69 37.6768 37.6698 37.6616 37.6542 37.6417 
37.8849 37.878 37.871 37.8564 37.8421 37.8276 37.8207 37.8137 37.8067 37.7998 37.7928 37.7831 37.7728 37.7658 37.7589 37.7519 37.745 37.738 37.8045 37.8584 
37.8515 37.8445 37.8323 37.8254 37.8185 37.9195 37.9125 37.9008 37.8939 37.8869 37.88 37.873 37.8661 37.8591 37.8451 37.9242 37.9173 37.9075 37.9006 37.8937 
37.8796 37.8727 37.8634 37.8565 38.0288 38.0218 38.009 38.0001 37.9932 38.0403 38.0333 38.0264 38.0194 38.0125 38.0055 38.0113 38.002 37.9903 37.9834 37.9764 
37.962 37.9493 37.9424 37.9355 37.9213 37.9136 37.9128 37.9046 37.8945 37.8837 37.8768 37.8699 37.863 37.8497 37.8429 37.8313 37.831 37.8191 37.8122 37.7988 
37.7989 37.8781 37.8705 37.8686 37.8792 37.8649 37.8509 37.8441 37.8297 37.8228 37.816 37.8017 37.7948 37.8403 37.8261 37.8119 37.8004 37.7936 37.7809 37.774 
37.7672 37.7558 37.7416 37.7348 37.7661 37.7593 37.7525 37.7456 37.7388 37.771 37.7612 37.7544 37.7475 37.7379 37.731 37.7242 38.297 38.2835 38.2765 38.2696 
38.2558 38.2489 38.2355 38.2267 38.2183 38.2114 38.2045 38.1976 38.1897 38.1872 38.1804 38.1735 38.1691 38.162 38.1539 38.147 38.1378 38.131 38.1168 38.1025 
38.136 38.1217 38.1148 38.1032 38.0963 38.1311 38.1207 38.1077 38.1009 38.088 38.0806 38.0738 38.062 38.0552 38.0483 38.0375 38.0307 38.0239 38.0171 38.0103 
38.0035 37.9967 37.9899 37.9831 37.9706 37.9564 37.9496 37.9429 37.9361 37.9219 37.9402 37.9334 37.9266 37.9197 37.9129 37.9017 37.8949 37.8881 37.8814 37.8746 
37.8679 37.8604 37.8598 37.8531 37.8463 37.8396 37.8328 37.8187 37.8054 37.7987 37.7849 37.7722 37.7633 37.7527 37.746 37.7393 37.7275 37.7208 37.708 37.7013 
37.6872 37.6741 37.6674 37.6607 37.654 37.6473 37.6506 37.6415 37.6645 37.6578 37.6511 37.6445 37.6304 37.6166 37.6099 37.6032 37.5966 37.5899 37.5832 37.5764 
37.5625 37.5558 37.561 37.5544 37.5477 37.5411 37.5344 37.5252 37.5186 37.5119 37.5019 37.4953 37.5073 37.4956 37.4889 37.4823 37.4729 37.4663 37.4615 37.4548 
37.4482 37.4416 37.435 37.4284 37.5857 37.579 37.5696 37.563 37.5491 37.5383 37.5317 37.5251 37.5185 37.5119 37.5053 37.4987 37.4864 37.4798 37.4675 37.4553 
37.4487 37.4523 37.4457 37.4391 37.4287 37.4287 37.4221 37.4943 37.4877 37.4799 37.4706 37.464 37.4575 37.4509 37.4393 37.4328 37.4262 37.4196 37.4131 37.4065 
37.3999 37.3934 37.3868 37.3735 37.3658 37.3592 37.346 37.3349 37.3265 37.32 37.3134 37.3069 37.3004 37.2874 37.2809 37.2744 37.2659 37.4739 37.4637 37.4572 
37.4434 37.4369 37.4304 37.4238 37.4173 37.4123 37.8045 37.7979 37.7863 37.7786 37.772 37.7654 37.7539 37.7473 37.7408 37.7342 37.7264 37.7198 37.7133 37.7001 
37.6887 37.6821 37.6755 37.669 37.6624 37.6886 37.6748 37.6683 37.6617 37.6491 37.6425 37.636 37.6275 37.621 37.6144 37.6079 37.5953 37.5888 37.5753 37.5688 
37.5623 37.5558 37.6235 37.7184 37.705 37.7016 37.6951 37.6885 37.7772 38.0295 38.025 38.0185 38.0119 38.0524 38.0458 38.0392 38.0326 38.0195 38.0063 37.9987 
37.9866 37.9801 37.9735 38.1154 38.1046 38.091 38.0785 38.0662 38.0596 38.0479 38.0362 38.0235 38.0169 38.0103 37.9966 37.9869 37.9803 37.9892 37.9826 37.9689 
38.0414 38.0301 38.0235 38.0105 38.1103 38.1037 38.0972 38.0906 38.0786 38.0805 38.0677 38.0612 38.0546 38.0481 38.0415 38.035 38.0285 38.0587 38.0521 38.0456 
38.0391 38.0289 38.0223 38.0158 38.0093 37.997 37.9904 37.9839 37.9774 37.9709 37.9598 37.9489 37.9424 37.9319 37.9254 37.9142 37.9077 37.9013 37.8948 37.8883 
37.8818 37.8753 37.8688 37.862 37.8491 37.8427 37.835 37.8226 37.8161 37.8097 37.7975 37.7846 37.7778 37.7643 37.7578 37.7468 37.8257 37.8178 37.8111 37.8046 
37.7982 37.7917 37.7853 37.7789 37.7724 37.759 37.8589 37.8525 37.846 37.8396 37.8261 37.8196 37.8132 37.8448 37.8384 37.8319 37.8255 37.819 37.8086 37.8021 
37.7957 37.789 37.7772 37.7638 37.7574 37.9014 37.8949 37.8885 37.8807 37.8702 37.8638 37.8574 37.8509 37.8385 37.8366 37.8269 37.8205 37.8141 37.8077 37.8013 
37.7949 37.7843 37.7779 37.7715 37.7651 37.7517 37.7453 37.7321 37.7257 37.7976 37.7912 37.7803 37.7691 37.7627 37.7563 37.7439 37.7376 37.7255 37.7192 37.7128 
37.7009 37.6876 37.6774 37.6711 37.6647 37.652 37.6457 37.6405 37.6341 37.6278 37.6214 37.6104 37.5971 37.5908 37.5803 37.567 37.5541 37.5478 37.5351 37.5288 
37.5225 37.5162 37.5054 37.4977 37.4914 37.4802 37.4935 37.4815 37.4752 37.4684 37.4621 37.4491 37.4428 37.432 37.4195 37.4064 37.3953 37.389 37.386 37.3797 
37.3735 37.3635 37.3506 37.3443 37.3381 37.3402 37.334 37.3277 37.327 37.3207 37.3287 37.321 37.3081 37.3018 37.2898 37.2836 37.2773 37.2655 37.2593 37.2531 
37.2468 37.2406 37.2344 37.2282 37.2454 37.2332 37.2269 37.2193 37.2131 37.2069 37.2007 37.188 37.1818 37.1756 37.1694 37.1632 37.157 37.1466 37.1404 37.1349 
37.122 37.1158 37.1072 37.0954 37.0892 37.0762 37.0644 37.0571 37.0452 37.039 37.0261 37.0144 37.0023 37.0015 37.0054 36.9982 36.9861 36.98 36.9739 36.9648 
36.9947 36.9885 36.9756 36.9695 36.9621 36.956 36.9498 36.9437 36.9376 36.93 36.9238 36.9177 36.9116 36.9055 36.8992 36.8877 36.8816 36.8755 36.8641 36.8552 
36.8423 36.8362 36.8247 36.8186 36.8074 36.967 36.9592 36.9513 36.9436 36.9317 36.9188 36.9073 36.9049 36.8991 36.9118 36.8989 36.8928 36.8867 36.8806 36.8731 
36.867 36.8547 36.8486 36.8425 36.8365 36.8245 36.8185 36.8057 36.7996 36.7935 36.7819 36.7747 36.7675 36.818 36.812 36.8059 36.7999 36.7933 36.7872 36.7812 
36.7751 36.7691 36.763 36.7518 36.7457 36.7397 36.7336 36.7276 36.7216 36.71 36.704 36.698 36.6919 36.6806 36.6745 36.6685 36.6575 36.6514 36.6387 36.6327 
36.626 36.6149 36.6089 36.6029 36.5932 36.5872 36.5765 36.5666 36.5606 36.5505 36.5445 36.5385 36.5266 36.5206 36.509 36.503 36.4971 36.4911 36.4851 36.4726 
36.4623 36.4497 36.4438 36.4333 36.4274 36.4214 36.4155 36.4036 36.3974 36.3848 36.3755 36.3695 36.3636 36.3577 36.3453 36.3394 36.3334 36.3209 36.3107 36.2985 
36.2925 36.2843 36.2784 36.27 36.2641 36.3363 36.3239 36.3172 36.3113 36.3054 36.2987 36.2909 36.285 36.2731 36.2672 36.2837 36.2739 36.2615 36.3653 36.3594 
36.3535 36.3419 36.336 36.3301 36.3242 36.3183 36.3058 36.2999 36.2881 36.2901 36.2842 36.274 36.2671 36.2567 36.2508 36.245 36.3198 36.3139 36.3015 36.3053 
36.2985 36.3268 36.3209 36.3151 36.4544 36.4485 36.4401 36.4423 36.4365 36.424 36.4181 36.4071 36.3947 36.386 36.3801 36.3702 36.3643 36.3584 36.3462 36.3485 
36.3636 36.3515 36.3457 36.3398 36.4339 36.4352 36.4293 36.4168 36.4109 36.4148 36.4036 36.3977 36.3919 36.386 36.3869 36.3908 36.3783 36.3724 36.3844 36.3785 
36.3727 36.3668 36.4386 36.4328 36.4417 36.4358 36.4237 36.4153 36.4095 36.4036 36.392 36.3861 36.3803 36.3884 36.3826 36.3767 36.3709 36.3591 36.3533 36.3419 
36.4247 36.4171 36.4112 36.4007 36.3949 36.389 36.3782 36.368 36.3594 36.3536 36.3478 36.3419 36.3361 36.3294 36.3208 36.315 36.3092 36.2969 36.2862 36.2804 
36.2746 36.2635 36.2511 36.2394 36.2336 36.2212 36.2306 36.2203 36.2145 36.2088 36.203 36.1907 36.1818 36.1727 36.167 36.1612 36.1555 36.2766 36.2644 36.2587 
36.2529 36.2963 36.2905 36.2847 36.2779 36.2721 36.2664 36.2606 36.2518 36.246 36.2403 36.2345 36.2251 36.2152 36.2094 36.2037 36.1979 36.1922 36.1817 36.176 
36.1702 36.1601 36.1489 36.1432 36.1375 36.1317 36.126 36.1137 36.108 36.1484 36.1364 36.1283 36.1226 36.1159 36.1101 36.1044 36.0987 36.1192 36.1135 36.1029 
36.0971 36.0914 36.0857 36.0738 36.0681 36.0624 36.0686 36.0695 36.0638 36.0581 36.0525 36.0468 36.0411 36.0354 36.0297 36.024 36.0254 36.0197 36.0141 36.0084 
36.1588 36.1569 36.1512 36.1455 36.1398 36.1342 36.1221 36.1165 36.1108 36.1043 36.0938 36.0856 36.0799 36.0742 36.064 36.0562 36.0505 36.0448 36.0392 36.0315 
36.033 36.0274 36.0156 36.01 36.0043 35.9987 35.9865 35.9809 35.9752 36.027 36.0214 36.0118 36.083 36.0774 36.0717 36.0676 36.062 36.0524 36.3536 36.3416 
36.3301 36.3244 36.3187 36.313 36.3073 36.3016 36.2959 36.2863 36.2806 36.2749 36.2692 36.2595 36.2479 36.2422 36.2365 36.2309 36.2252 36.2188 36.2131 36.2317 
36.2217 36.2096 36.2026 36.201 36.1954 36.1897 36.1841 36.1784 36.1701 36.1945 36.1864 36.1807 36.1792 36.1689 36.1569 36.1513 36.1457 36.14 36.1344 36.1288 
36.1231 36.1175 36.1119 36.1019 36.0963 36.0847 36.0743 36.0687 36.0567 36.0511 36.0455 36.0334 36.0278 36.0222 36.013 36.018 36.0164 36.0108 36.0052 35.9955 
35.9899 35.9788 35.9716 35.9733 35.9619 35.9564 35.9508 35.9452 35.9396 35.9341 35.9285 35.9195 35.9082 35.9026 35.8907 35.8852 35.8796 35.874 35.8685 35.8566 
35.8511 35.8455 35.8636 35.8581 35.8525 35.847 35.8414 35.8359 35.8241 35.8428 35.8373 35.8318 35.8262 35.8207 35.8152 35.8454 35.8367 35.8252 35.822 35.833 
35.8212 35.8157 35.8094 35.8039 35.8495 35.8405 35.835 35.8295 35.8239 35.8121 35.8066 35.8009 35.7903 35.7788 35.7733 35.7677 35.7622 35.7567 35.7511 35.7548 
35.7493 35.7842 35.7787 35.7679 35.7624 35.7569 35.7452 35.7397 35.7342 35.7287 35.7232 35.7177 35.7059 35.7004 35.6888 35.7206 35.7114 35.7059 35.7004 35.6894 
35.7131 35.7077 35.7022 35.6935 35.689 35.6779 35.6725 35.667 35.6564 35.6465 35.6411 35.6356 35.6302 35.6244 35.79 35.7846 35.7777 35.7722 35.7667 35.7613 
35.7558 35.7503 35.7449 35.7342 35.7288 35.7233 35.7127 35.7072 35.7018 35.6963 35.685 35.6795 35.6741 35.6624 35.657 35.6478 35.6423 35.6369 35.6293 35.6193 
35.6076 35.6022 35.5967 35.5877 35.5823 35.5769 35.5714 35.566 35.5606 35.5491 35.5437 35.532 35.5223 35.5169 35.5115 35.5061 35.5007 35.8308 35.8254 35.8179 
35.8125 35.807 35.8016 35.7962 35.7907 35.7853 35.7769 35.7712 35.7648 35.7594 35.7539 35.7424 35.737 35.7311 35.7195 35.7115 35.7061 35.8239 35.8185 35.8131 
35.8516 35.8461 35.8407 35.8291 35.8184 35.8188 35.81 35.8046 35.7992 35.7938 35.7884 35.783 35.7775 35.7665 35.7552 35.7436 35.7382 35.7287 35.7233 35.7117 
35.701 35.7226 35.7172 35.7118 35.7064 35.6953 35.6848 35.6794 35.6737 35.6622 35.908 35.9026 35.891 35.8856 35.8801 35.8747 35.8693 35.8639 35.8585 35.8975 
35.8919 35.8856 35.8802 35.8735 35.8681 35.8565 35.8462 35.8408 35.8354 36.217 36.2066 36.2011 36.1957 36.1955 36.1862 36.1757 36.1703 36.1596 36.1542 36.1488 
36.1433 36.1379 36.1325 36.1271 36.1216 36.1121 36.1067 36.0959 36.0905 36.0851 36.0797 36.0724 36.067 36.0616 36.0815 36.0761 36.0707 36.0616 36.0562 36.0479 
36.0369 36.0722 36.0668 36.0614 36.0502 36.0481 36.0762 36.0704 36.0621 36.0567 36.1464 36.1348 36.1236 36.1182 36.1122 36.2377 36.2706 36.2616 36.2546 36.2475 
36.2365 36.2311 36.2257 36.2203 36.2099 36.2045 36.1991 36.1931 36.212 36.2066 36.1981 36.2001 36.1947 36.1893 36.178 36.1726 36.1959 36.1938 36.1884 36.183 
36.1776 36.1722 36.1668 36.1615 36.1561 36.1507 36.1453 36.14 36.1346 36.1292 36.1239 36.1185 36.1498 36.1444 36.139 36.1334 36.128 36.1227 36.1173 36.112 
36.1771 36.1697 36.1586 36.1518 36.1405 36.7015 36.733 36.7276 36.7221 36.7167 36.7113 36.7009 36.695 36.6896 36.6788 36.6673 36.6619 36.7502 36.7387 36.7332 
36.7278 36.7224 36.7169 36.708 36.702 36.6966 36.6911 36.6806 36.6728 36.6758 36.6902 36.6848 36.6794 36.6719 36.6665 36.6611 36.7644 36.759 36.7536 36.7435 
36.7361 36.7306 36.7253 36.7198 36.7144 36.7035 36.6932 36.8011 36.7896 36.7842 36.7839 36.7785 36.7745 36.8236 36.8181 36.8202 36.8148 36.8038 36.7984 36.793 
36.7872 36.7758 36.7663 36.7609 36.7555 36.7501 36.7447 36.7366 36.7296 36.7182 36.7128 36.7074 36.702 36.9082 36.8977 36.8922 36.8868 36.8756 36.8701 36.8638 
36.8584 36.8518 36.8464 36.8498 36.8428 36.8374 36.832 36.8266 36.8212 36.8148 36.8094 36.804 36.7986 36.7932 36.7818 36.7753 36.7699 36.7646 36.7586 36.7532 
36.7425 36.7372 36.7318 36.7264 36.7211 36.7157 36.7103 36.705 36.6996 36.6943 36.6876 36.6822 36.6768 36.6715 36.6662 36.665 36.6702 36.6598 36.6544 36.6447 
36.6488 36.6434 36.6381 36.6327 36.6266 36.6213 36.616 36.6106 36.7392 36.7329 36.7275 36.7306 36.7193 36.714 36.7086 36.7732 36.7641 36.7601 36.7548 36.7436 
36.7383 36.7329 36.7281 36.7205 36.7199 36.7109 36.7026 36.6973 36.7192 36.7139 36.721 36.7101 36.7047 36.6934 36.6881 36.6828 36.7183 36.7096 36.7043 36.6989 
36.6895 36.6784 36.6671 36.6618 36.6565 36.6468 36.6401 36.6348 36.6642 36.6579 36.6487 36.6477 36.6424 36.6371 36.6318 36.6265 36.6555 36.7077 36.7022 36.6919 
36.6912 36.6829 36.7495 36.7442 36.7389 36.7332 36.7279 36.7226 36.7173 36.712 36.7067 36.7014 36.6967 36.6914 36.6833 36.6731 36.6835 36.6782 36.6729 36.6676 
36.6579 36.6526 36.6474 36.6421 36.837 36.8317 36.8853 36.8758 36.8652 36.8599 36.8546 36.8493 36.8389 36.8336 36.8284 36.8191 36.8124 36.9086 36.9033 36.898 
36.8927 36.8841 36.8788 36.8735 36.8624 36.8571 36.8459 36.8387 36.8334 36.8282 36.8189 36.8136 36.8047 36.7994 36.7941 36.7867 36.8152 36.8099 36.8046 36.7936 
36.7884 36.7831 36.7792 36.7709 36.7656 36.7546 36.7493 36.7441 36.7388 36.7336 36.7283 36.7231 36.716 36.7293 36.7241 36.7188 36.7122 36.707 36.698 36.6928 
36.6875 36.6823 36.9068 36.8957 36.8904 36.8852 36.8799 36.8746 37.011 37.0058 36.9965 36.9913 36.9801 36.9748 36.9759 37.2885 37.2831 37.2778 37.2706 37.2594 
37.2541 37.2429 37.2362 37.2252 37.2199 37.3062 37.2991 37.2938 37.2885 37.2832 37.2779 37.2726 37.2673 37.2586 37.3388 37.3335 37.3223 37.3116 37.3063 37.301 
37.2957 37.2904 37.2851 37.2798 37.2738 37.2648 37.259 37.2876 37.2824 37.3815 37.3768 37.3715 37.6508 37.6455 37.6394 37.6293 37.624 37.618 37.6072 37.5961 
37.5874 37.5801 37.5747 37.5694 37.6139 37.6063 37.6009 37.6235 37.6124 37.6071 37.5994 37.5941 37.5888 37.5835 37.5782 37.5729 37.5676 37.7293 37.724 37.7138 
37.7062 37.7009 37.6956 37.6903 37.6849 37.6813 37.6759 37.6697 37.6602 37.6515 37.8255 37.8151 37.8049 37.7996 37.7943 37.7889 37.7778 37.7725 37.8038 37.7985 
37.7941 37.7888 37.7835 37.7782 37.7671 37.7618 37.7565 37.7511 37.7458 37.7366 37.7343 37.729 37.7185 37.7104 37.7052 37.6945 37.6892 37.6839 37.6786 37.671 
37.6657 37.6604 37.6551 37.6498 37.6406 37.6332 37.6279 37.6227 37.6174 37.6121 37.6068 37.6016 38.2212 38.2121 38.2067 38.2013 38.1912 38.1859 38.1747 38.1686 
38.1633 38.1579 38.1526 38.1473 38.1419 38.1366 38.1447 38.1394 38.134 38.1287 38.1234 38.1148 38.1095 38.1042 38.1622 38.1843 38.1758 38.1705 38.1605 38.1552 
38.1498 38.1445 38.1366 38.2598 38.2545 38.2448 38.2356 38.2303 38.2231 38.2178 38.2124 38.2788 38.2734 38.2624 38.2541 38.2487 38.2387 38.2281 38.2228 38.2159 
38.2106 38.2053 38.1943 38.189 38.1782 38.1729 38.1624 38.1571 38.1518 38.1407 38.1354 38.1301 38.1229 38.1176 38.1123 38.107 38.1017 38.0965 38.0912 38.0859 
38.0779 38.0726 38.0617 38.1836 38.1764 38.1699 38.1598 38.1545 38.1492 38.144 38.17 38.16 38.1494 38.2539 38.2486 38.2433 38.238 38.2327 38.2274 38.2221 
38.2141 38.2089 38.2036 38.1983 38.193 38.1877 38.1767 38.1938 38.1831 38.1752 38.1696 38.1643 38.159 38.1538 38.1454 38.1401 38.1297 38.1245 38.1137 38.1066 
38.0963 38.0865 38.0813 38.076 38.112 38.1058 38.0957 38.0905 38.0852 38.0816 38.0919 38.0867 38.0775 38.0722 38.0784 38.0731 38.0679 38.0604 38.0494 38.0466 
38.0394 38.0288 38.0236 38.0184 38.0131 38.0079 37.9992 37.9897 37.9844 37.9792 37.974 37.9688 37.9635 37.956 37.9466 37.9413 37.9498 37.9392 37.9329 37.9231 
37.9179 37.9213 37.9161 37.907 37.9018 38.0121 38.0012 37.9982 37.993 38.0123 38.0041 37.9976 37.9924 37.9872 37.9873 37.9765 37.9713 37.9661 37.9609 37.9557 
37.9505 37.9449 37.9382 37.933 37.9278 37.9226 37.9175 37.9604 37.9552 37.95 37.9412 37.9307 37.9255 37.9183 37.9098 37.8989 37.8938 37.8886 37.8834 37.8789 
37.8684 37.8632 37.8555 37.8453 37.8345 37.8273 37.8169 37.81 37.8048 37.7965 37.7913 37.7862 37.7755 37.7703 37.7652 37.7547 37.7496 37.7489 37.7402 37.7313 
37.7247 37.7196 37.7118 37.7249 37.7198 37.7147 37.7121 37.704 37.6989 37.6901 37.6948 37.6871 37.682 37.6761 37.671 37.9456 37.9353 37.9878 37.9827 37.9775 
37.9723 37.9628 37.9577 37.969 37.9582 37.9474 37.9369 37.9261 37.981 37.9877 37.9826 37.9727 37.9623 37.952 37.9418 37.9367 37.9315 37.9213 37.9161 37.912 
37.9068 37.9017 37.8965 37.8914 37.8807 37.87 37.8648 38.089 38.0838 38.0787 38.0735 38.08 38.0741 38.069 38.0638 38.057 38.0518 38.0411 38.036 38.0308 
38.0257 38.0206 38.0141 38.005 37.9999 37.9948 37.9896 37.9957 37.9905 37.9854 37.9803 37.9752 37.9701 37.9649 37.9598 37.9547 37.9496 37.943 37.9379 38.144 
38.1389 38.1337 38.1853 38.1801 38.1714 38.1663 38.1612 38.206 38.2015 38.1964 38.1867 38.1816 38.1765 38.1683 38.1581 38.1474 38.1413 38.136 38.1309 38.1202 
38.1151 38.1088 38.1092 38.1041 38.099 38.0904 38.0853 38.0752 38.0701 38.065 38.0596 38.1006 38.0915 38.0817 38.0766 38.0715 38.0664 38.062 38.0516 38.0465 
38.0414 38.0347 38.0253 38.0202 38.0124 38.0158 38.0107 38.0056 37.995 37.9899 37.9849 37.9798 37.9747 37.9696 37.9618 37.9568 37.9517 37.9466 37.936 37.9283 
37.9232 37.9171 37.9105 37.9054 37.899 37.9017 37.8928 37.8854 37.88 37.8749 37.8699 37.8648 37.8598 37.8514 37.8464 37.8414 37.8363 37.8263 37.821 37.8105 
37.8054 37.8004 37.7954 37.7903 37.7853 37.7803 37.7756 37.7847 37.7797 37.7746 37.7696 37.7646 37.7595 37.7545 37.7495 37.7445 37.7395 37.7344 37.7294 37.7195 
37.7109 37.7059 37.7009 37.6905 37.6836 37.6786 37.6736 37.7495 37.7445 37.7395 37.7345 37.7295 37.7195 37.7092 38.1739 38.1689 38.1638 38.1587 38.1537 38.1486 
38.1436 38.1331 38.1257 38.1169 38.107 38.1019 38.0969 38.0866 38.0815 38.0749 38.0698 38.0635 38.0584 38.0619 38.0938 38.0887 38.0783 38.0718 38.0668 38.0563 
38.0512 38.0531 38.0444 38.0394 38.0343 38.0293 38.0243 38.0172 38.0121 38.0018 37.9959 37.9877 37.9827 37.9777 37.9673 37.9826 37.9776 37.9726 37.9653 37.9603 
37.9553 37.9503 37.9453 37.9403 37.9353 37.9303 37.9253 37.9203 37.9108 37.9058 37.8982 37.8932 37.8877 37.8827 37.8744 37.8675 37.8579 37.9087 37.901 37.8954 
37.8904 37.8837 37.8787 37.8737 37.8725 37.883 37.878 37.873 37.868 38.0185 38.0135 38.0116 38.0091 38.0041 38.2103 38.2053 38.1965 38.1915 38.1861 38.1811 
38.1721 38.1671 38.1621 38.1553 38.1502 38.1422 38.1372 38.1322 38.1272 38.1175 38.1298 38.1254 38.115 38.11 38.0997 38.0947 38.0897 38.0823 38.0721 38.0844 
38.0794 38.0744 38.0695 38.0622 38.0573 38.047 38.0416 38.0366 38.0305 38.0255 38.0165 38.0074 38.0988 38.0938 38.0888 38.0808 38.0758 38.0708 38.0659 38.059 
38.0487 38.0384 38.0334 38.0284 38.0235 38.0185 38.0091 38.0113 38.0063 37.9973 37.9872 37.9822 37.9798 37.9748 37.9699 37.9649 38.016 38.0221 38.0158 38.0108 
38.0059 38.0009 37.996 37.9893 38.0157 38.0108 38.0059 37.9959 37.989 38.0683 38.0633 38.0584 38.0534 38.0443 38.034 38.0291 38.0241 38.0155 38.0106 38.0056 
38.0007 37.9918 37.9855 37.98 38.0167 38.0069 38.0019 38.0028 37.9979 37.993 37.988 37.9778 37.9717 37.9662 37.9601 37.9498 37.9399 37.932 37.9235 37.9186 
37.9108 37.9059 38.0325 38.0307 38.0211 38.0137 38.1341 38.1292 38.1236 38.1138 38.1089 38.104 38.0991 38.0905 38.0841 38.0744 38.0695 38.0646 38.0597 38.0547 
38.0498 38.0397 38.033 38.0281 38.0232 38.0323 38.0274 38.0225 38.0144 38.0131 38.0063 38.0014 38.0907 38.0858 38.0803 38.0727 38.0625 38.0523 38.0454 38.0351 
38.0281 38.0232 38.0183 38.0197 38.0149 38.01 38.003 37.9981 37.9933 37.9854 37.9776 37.9727 37.9628 37.9561 37.9512 37.9416 37.9326 37.9277 37.9228 37.918 
37.9339 37.929 37.9241 37.9193 37.9142 37.9093 37.8994 37.8897 37.8848 37.8747 37.8698 37.8649 37.856 37.8501 37.8452 37.8389 37.8502 37.8453 37.8405 37.8356 
37.8308 37.8245 37.8196 37.8148 37.8078 37.8029 37.7981 37.7933 37.7835 37.8104 37.8055 38.015 38.0101 38.0055 37.9959 37.9877 37.9799 37.9737 37.973 37.9681 
37.9633 37.9584 37.9515 37.9467 37.9418 38.7562 38.7513 38.7463 38.7414 38.7364 38.7315 38.7213 38.7163 38.7114 38.7254 38.7153 38.7066 38.6963 38.6892 38.6843 
38.674 38.6671 38.6662 38.6596 38.6547 38.6498 38.6778 38.6729 38.668 38.6588 38.6525 38.6476 38.6469 38.6387 38.6403 38.6354 38.6266 38.6182 38.6132 38.6083 
38.6034 38.5985 38.5936 38.5835 38.5975 38.5926 38.5877 38.5813 38.5764 38.5907 38.5858 38.5758 38.5662 38.5613 38.5542 38.5483 38.5435 38.5359 38.5311 38.526 
38.5211 38.5162 38.5113 38.5014 38.4939 38.489 38.5066 38.5017 38.4968 38.488 38.4832 38.4783 38.5081 38.4982 38.4933 38.4847 38.4798 38.4772 38.4723 38.4655 
38.6605 38.6509 38.646 38.6359 38.631 38.6341 38.6266 38.6166 38.6109 38.6008 38.596 38.5911 38.5882 38.5833 38.579 38.5742 38.5693 38.5644 38.5595 38.5659 
38.5603 38.5554 38.5506 38.5457 38.54 38.5351 38.5384 38.532 38.5272 38.5184 38.513 38.5081 38.5033 38.4984 38.4936 38.4887 38.4801 38.4786 38.4686 38.4637 
38.4589 38.4541 38.4482 38.4434 38.4385 38.4358 38.4309 38.421 38.4262 38.4168 38.4119 38.4127 38.4079 38.3999 38.3951 38.3903 38.3822 38.4103 38.4331 38.4282 
38.4195 38.4154 38.4057 38.3996 38.3947 38.385 38.3801 38.5168 38.512 38.5072 38.5008 38.4959 38.4911 38.4863 38.4815 38.4767 38.4718 38.4632 38.4584 38.4536 
38.4439 38.4874 38.4779 38.4734 38.4685 38.4856 38.4918 39.0929 39.088 39.0831 39.0835 39.0786 39.0737 39.0637 39.0545 39.0447 39.0398 39.0349 39.0301 39.0227 
39.0875 39.0789 39.074 39.0691 39.0635 39.0587 39.0539 39.044 39.034 39.0308 39.0217 39.0169 39.007 39.008 39.0027 38.9978 38.9929 38.9857 38.9797 39.1994 
39.1945 39.1896 39.1847 39.1798 39.1749 39.1687 39.1611 39.1562 39.1513 39.1464 39.1416 39.1367 39.1318 39.127 39.1171 39.1098 39.1 39.0951 39.0891 39.0842 
39.0814 39.0765 39.0717 39.0656 39.0608 39.0541 39.0492 39.0444 39.0395 39.0297 39.0248 39.0354 39.0288 39.0214 39.0132 39.0038 38.999 38.9941 38.9893 38.9845 
38.9796 39.2486 39.2477 39.2428 39.2379 39.2328 39.2335 39.2287 39.2222 39.2174 39.2849 39.2936 39.2882 39.2833 39.2784 39.2722 39.2642 39.2594 39.2545 39.245 
39.2401 39.2302 39.2203 39.2154 39.2059 39.2011 39.1962 39.1914 39.1865 39.1793 39.1745 39.1653 39.1604 39.6242 39.6148 39.6099 39.6051 39.6002 39.5902 39.5853 
39.576 39.5687 39.5611 39.5562 39.5513 39.5465 39.5416 39.5367 39.5318 39.5363 39.5274 39.5226 39.5177 39.5106 39.5057 39.4999 39.4914 39.4852 39.4804 39.475 
39.4701 39.4653 39.4604 39.4556 39.4507 39.5041 39.4984 39.4936 39.4864 39.4807 39.4759 39.4725 39.4671 39.4622 39.4574 39.5465 39.5923 39.5875 39.5826 39.6253 
39.6288 39.777 39.7721 39.9135 39.9086 39.9037 39.8988 39.8939 39.8867 39.8769 39.872 39.8624 40.5326 40.5277 40.5192 40.5107 40.5055 40.5005 40.56 40.5542 
40.5442 40.5378 40.5282 40.5233 40.5183 40.5133 40.5035 40.4985 40.4908 40.4808 40.4758 40.4708 40.4659 40.696 40.686 40.6788 40.6738 40.7554 40.7504 40.7454 
40.7404 40.7354 40.7305 40.7255 40.7205 40.73 40.725 40.72 40.7151 40.7101 40.7051 40.7002 40.6952 40.6901 40.6851 40.6753 40.6703 40.6648 40.6599 40.6522 
40.6426 40.6377 40.6354 40.6304 40.6255 40.6336 40.6287 40.6224 40.6175 40.6125 40.6056 40.5959 40.5873 40.5823 40.5774 40.5674 40.5625 40.5534 40.5485 40.5435 
40.5374 40.5275 40.522 40.5171 40.5092 40.5042 40.4943 40.4885 40.4793 40.4744 40.4695 40.4646 40.4552 40.4464 40.4415 40.4918 40.4869 40.4805 40.4756 40.4706 
40.462 40.4686 40.4637 40.4588 40.4495 40.4446 40.4572 40.4523 40.7479 40.743 40.7381 40.7331 40.7282 40.7233 40.7183 40.7285 40.7198 40.7099 40.705 40.7001 
40.6951 40.6894 40.6844 40.6792 40.6743 40.6694 40.6644 40.6595 40.6778 40.6728 40.6679 40.66 40.6551 40.6565 40.7044 40.7458 40.7409 40.736 40.731 40.7218 
40.7169 40.7071 40.7022 40.6972 40.6923 40.6874 40.6792 40.7942 40.7893 40.7843 40.778 40.8167 40.8142 40.8092 40.8043 40.7994 40.7925 40.7876 40.7824 40.7775 
40.7726 40.7677 40.7628 40.7579 40.7499 40.745 40.7358 40.7374 40.7325 40.7429 40.738 40.7309 40.7229 40.7188 40.7108 40.701 40.6961 40.6887 40.6838 40.6789 
40.6691 40.6642 40.6593 40.6544 40.6495 40.6446 40.6356 40.6295 40.6246 40.6149 40.61 40.6006 40.5957 40.5908 40.5859 40.6052 40.5967 40.5902 40.5853 40.5804 
40.5756 40.5664 40.5616 40.5754 40.6226 40.6177 40.6128 40.6079 40.603 40.7254 40.7206 40.7157 40.7108 40.7059 40.6963 40.6915 40.6822 40.6736 40.6688 40.6639 
40.659 40.6542 40.6493 40.707 40.6977 40.7045 40.6997 40.6922 40.6874 40.6814 40.6729 40.6681 40.6632 40.6558 40.6467 40.655 40.6502 40.6504 40.6456 40.6407 
40.6359 40.631 40.6262 40.6213 40.6165 40.6113 40.6023 40.5975 40.5926 40.5847 40.5752 40.6043 40.5946 40.5897 40.5802 40.5737 40.5672 40.5645 40.5731 40.5702 
40.5654 40.5605 40.5557 40.5509 40.5461 40.5412 40.5587 40.5538 40.549 40.5441 40.5393 40.5345 40.5296 40.5472 40.5424 40.5376 40.542 40.5356 40.5308 40.526 
40.5212 40.5164 40.5116 40.5021 40.5053 40.4956 40.4884 40.5357 40.526 40.5212 40.5125 40.5045 40.4997 40.4907 40.4859 40.4796 40.4748 40.47 40.462 40.5439 
40.5391 40.5343 40.5295 40.5203 40.5117 40.5026 40.4932 40.4884 40.4836 40.474 40.4692 40.4644 40.4596 40.4507 40.468 40.47 40.4645 40.4559 40.4478 40.443 
40.4382 40.4334 40.4245 40.4197 40.4149 40.4063 40.4015 40.3967 40.3891 40.3803 40.3755 40.3707 40.3646 40.3598 40.3551 40.3503 40.3456 40.336 40.3312 40.3265 
40.3217 40.3152 40.3183 40.3324 40.3276 40.3229 40.3181 40.3134 40.3086 40.3039 40.2991 40.3018 40.2923 40.2838 40.279 40.2708 40.2628 40.2581 40.2495 40.2433 
40.2386 40.2326 40.2278 40.22 40.211 40.2015 40.1937 40.1843 40.2292 40.2226 40.2136 40.2086 40.202 40.1924 40.1877 40.1794 40.1736 40.164 40.1602 40.1555 
40.1477 40.143 40.1383 40.1315 40.1223 40.1178 40.1131 40.1036 40.0954 40.0907 40.0895 40.0802 40.0741 40.0649 40.0585 40.0539 40.0492 40.0445 40.0375 40.0328 
40.0245 40.0198 40.014 40.0093 39.9999 39.9952 39.9905 39.9859 39.9812 39.9765 39.9718 39.9921 39.992 39.9834 39.9787 39.9741 39.9694 39.9637 39.9591 39.9544 
39.9497 39.9451 39.974 39.9694 39.9608 39.9561 39.9515 39.9468 39.9536 39.9489 39.9443 39.9574 39.9527 39.9481 39.9434 39.9388 40.0125 40.0087 40.164 40.1594 
40.1547 40.15 40.1453 40.197 40.1923 40.1877 40.183 40.1735 40.17 40.1645 40.1598 40.1622 40.1544 40.1497 40.4444 40.4355 40.4308 40.4261 40.4166 40.4075 
40.4028 40.4314 40.4267 40.4209 40.4162 40.4116 40.4069 40.4022 40.3975 40.3882 40.3817 40.377 40.3723 40.4204 40.4157 40.411 40.4063 40.4016 40.3925 40.3878 
40.3896 40.385 40.3803 40.3756 40.4071 40.4024 40.3931 40.3925 40.3878 40.3831 40.3785 40.3738 40.3691 40.3597 40.3505 40.3412 40.3332 40.3286 40.3239 40.3246 
40.3155 40.3081 40.2991 40.2944 40.2865 40.2818 40.277 40.2709 40.2662 40.2602 40.2555 40.2509 40.2462 40.2513 40.2419 40.2372 40.2326 40.2246 40.2199 40.2108 
40.2062 40.2015 40.2383 40.2337 40.2242 40.2196 40.2146 40.21 40.2053 40.1963 40.1959 40.1912 40.1866 40.182 40.1773 40.1727 40.2898 40.2809 40.272 40.2694 
40.2648 40.2578 40.2515 40.2469 40.2423 40.2376 40.2301 40.2255 40.2209 40.2162 40.2097 40.2051 40.2004 40.1958 40.1912 40.1866 40.182 40.1773 40.1727 40.1681 
40.1635 40.1559 40.3446 40.3399 40.3353 40.3306 40.3225 40.3179 40.3132 40.3041 40.2994 40.2901 40.2835 40.2789 40.2742 40.2684 40.2637 40.2591 40.2545 40.2499 
40.2432 40.2353 40.234 40.2294 40.22 40.2154 40.2061 40.2015 40.1969 40.1923 40.1829 40.1736 40.169 40.1621 40.1575 40.1529 40.1483 40.1437 40.143 40.1384 
40.1298 40.1207 40.1161 40.1115 40.1069 40.1024 40.0956 40.091 40.086 40.077 40.0677 40.0825 40.0779 40.1062 40.1016 40.0923 40.1742 40.1696 40.165 40.1559 
40.1491 40.1445 40.1395 40.1334 40.1263 40.162 40.1574 40.1528 40.1438 40.1349 40.1303 40.1257 40.1199 40.1922 40.1882 40.182 40.1744 40.1684 40.1638 40.158 
40.1534 40.1489 40.1497 40.1432 40.1387 40.1341 40.1295 40.1218 40.1173 40.1122 40.1076 40.1054 40.1008 40.1052 40.0962 40.0916 40.0871 40.0825 40.0779 40.0734 
40.0659 40.0614 40.0568 40.0523 40.0477 40.0432 40.0341 40.0295 40.021 40.0165 40.0073 39.9981 39.9935 39.989 39.9845 39.9799 39.9754 39.9709 39.9639 39.9565 
39.9875 39.983 39.9784 39.9934 39.9889 39.9799 39.9754 39.9662 39.9617 39.9572 39.9527 39.9482 39.9391 39.9346 39.9301 39.9213 39.9156 39.9111 39.906 39.9778 
39.9733 39.9688 39.9643 40.3134 40.3088 40.3042 40.2997 40.2951 40.2875 40.283 40.2783 40.2738 40.2699 40.2654 40.3354 40.3308 40.5411 40.5365 40.5274 40.5228 
40.5182 40.5136 40.5091 40.5119 40.5073 40.5028 40.4982 40.4893 40.4847 40.4755 40.4688 40.4642 40.4596 40.4519 40.4473 40.4404 40.4313 40.6576 40.653 40.6844 
40.6755 40.8161 40.8095 40.8049 40.7956 40.7904 40.7814 40.7769 40.7723 40.7677 40.7625 40.7579 40.7533 40.7537 40.7488 40.7423 40.7377 40.7331 40.7239 40.7153 
40.7141 40.705 40.7004 40.6958 40.6888 40.6843 40.6797 40.6706 40.666 40.6614 40.6569 40.6503 40.6458 40.6367 40.6459 40.6413 40.6324 40.6263 40.6218 40.6172 
40.6127 40.6044 40.5952 40.5907 40.6098 40.6053 40.5962 40.5917 40.5872 40.5782 40.569 40.6237 40.6185 40.6132 40.6087 40.6041 40.5996 40.6093 40.6039 40.5947 
40.5885 40.5857 40.5785 40.5739 40.5652 40.5578 40.5533 40.5487 40.6569 40.6775 40.6716 40.6671 40.6625 40.658 40.6505 40.646 40.6415 40.6369 40.6324 40.6279 
40.6195 40.615 40.6104 40.6059 40.6014 40.5969 40.5923 40.6324 40.6279 40.6234 40.6189 40.6097 40.69 40.6855 40.8461 40.8416 40.837 40.8777 40.8731 40.8759 
40.8708 40.8662 40.8573 40.8527 40.8482 40.8411 40.8365 40.828 40.8189 40.8144 40.8098 40.8053 40.8001 40.7955 40.7865 40.782 40.7831 40.7766 40.772 40.7675 
40.7629 40.7584 40.7538 40.7493 40.7411 40.7366 40.7321 40.7248 40.756 40.7515 40.7469 40.7424 40.7379 40.7289 40.7244 40.7154 40.7109 40.7064 40.7019 40.6974 
40.6929 40.6884 40.6839 40.679 40.6992 40.7646 40.7601 40.7556 40.7488 40.7403 40.7348 40.7276 40.7231 40.7186 40.7141 40.7067 40.7004 40.6959 40.6914 40.6866 
40.6821 40.6758 40.6713 40.6635 40.6579 40.6509 40.6418 40.6353 40.6308 40.6264 40.6231 40.6186 40.6141 40.6078 40.6033 40.5988 40.5899 40.5855 40.581 40.5733 
40.5689 40.5644 40.5599 40.554 40.5495 40.5406 40.5361 40.5316 40.5272 40.5227 40.5182 40.5097 40.5022 40.4977 40.4926 40.4841 40.4797 40.4752 40.4707 40.4663 
40.4618 40.4574 40.4529 40.4459 40.4392 40.4302 40.4258 40.4213 40.4471 40.4426 40.6053 40.6009 40.5964 40.5919 40.5906 40.5861 40.5817 40.5772 40.5728 40.5642 
40.5557 40.5512 40.5439 40.5395 40.535 40.5306 40.5261 40.5198 40.5153 40.5109 40.6733 40.6689 40.6644 40.6554 40.6509 40.6432 40.6387 40.6386 40.6342 40.6804 
40.6759 40.6714 40.6624 40.658 40.7217 40.7131 40.7066 40.7275 40.723 40.7156 40.7111 40.7046 40.7002 41.5412 41.5659 41.5614 41.5568 41.5593 41.5538 41.5463 
41.5417 41.5372 41.5327 41.5281 41.5236 41.5151 41.506 41.5015 41.497 41.4882 41.4837 41.4792 41.4746 41.4701 41.4626 41.4538 41.4493 41.4422 41.4377 41.4332 
41.4287 41.4206 41.4161 41.4116 41.4959 41.4914 41.4869 41.4823 41.4778 41.4688 41.4637 41.4592 41.451 41.4424 41.4767 41.4722 41.465 41.4599 41.4554 41.4495 
41.4449 41.4404 41.4359 41.4318 41.4273 41.4216 41.4137 41.4215 41.417 41.4084 41.4039 41.3968 41.3923 41.3878 41.3833 41.3757 41.3712 41.3667 41.3622 41.3577 
41.3532 41.3467 41.3422 41.3377 41.3332 41.3259 41.3171 41.3292 41.3247 41.3202 41.3157 41.3112 41.3068 41.3023 41.2978 41.2918 41.2873 41.2829 41.2784 41.2704 
41.2659 41.2724 41.2679 41.2589 41.2544 41.2484 41.2439 41.2395 41.235 41.2305 41.2261 41.2216 41.2171 41.2246 41.2158 41.2114 41.2042 41.1997 41.1923 41.1879 
41.2114 41.2038 41.2234 41.219 41.2282 41.2237 41.2435 41.239 41.2346 41.2279 41.2234 41.219 41.2145 41.2101 41.2056 41.1974 41.1906 41.1861 41.1817 41.1772 
41.1712 41.1667 41.1784 41.1699 41.1615 41.1527 41.1482 41.1438 41.1394 41.1349 41.1292 41.1204 41.1365 41.1321 41.1276 41.12 41.112 41.1076 41.1031 41.0987 
41.0943 41.1184 41.1096 41.1052 41.1007 41.0962 41.0918 41.0837 41.0791 41.0702 41.0658 41.0614 41.1082 41.1008 41.165 41.1562 41.1963 41.1919 41.1875 41.1788 
41.1729 41.1648 41.1604 41.1559 41.1515 41.145 41.1405 41.1431 41.137 41.1326 41.1282 41.1238 41.1161 41.1117 41.1072 41.1028 41.0943 41.0899 41.0831 41.0787 
41.0743 41.0664 41.062 41.0532 41.0585 41.0505 41.0809 41.0765 41.0779 41.0735 41.0691 41.062 41.0576 41.0532 41.0488 41.0444 41.04 41.032 41.0276 41.0189 
41.0125 41.006 41.0016 40.9972 40.9918 41.0187 41.0143 41.0099 41.0056 41.0012 40.9926 40.9882 40.9838 40.9794 40.9709 40.9665 40.9621 40.9534 40.9491 40.9447 
40.9929 40.9878 40.9834 40.9782 40.9738 40.9657 40.9613 40.9569 40.9522 40.9478 40.9393 40.9349 40.9263 40.9213 40.917 40.9126 40.9039 40.8976 40.8933 40.9025 
40.9316 40.9229 40.9185 40.9141 40.9263 40.922 40.9176 40.9132 40.9046 40.9002 40.892 40.8841 40.8798 40.8754 40.8695 40.8667 40.8624 40.8553 40.8509 40.8466 
40.8423 40.8379 40.8321 40.8277 40.8233 40.8316 40.8239 40.8196 40.814 40.8097 40.8054 40.801 40.7967 40.7924 40.788 40.7837 40.7794 40.775 40.7663 40.7613 
40.757 40.7487 40.7763 40.7685 40.7641 40.7598 40.7555 40.7468 40.7416 40.7342 40.7678 40.761 40.7567 40.7523 40.7437 40.7394 40.7334 40.7349 40.7306 40.7219 
40.7237 40.7496 40.7451 40.7408 40.7364 40.7287 40.7555 40.7512 40.7427 40.7371 40.7328 40.7285 40.7242 40.7199 40.7127 40.7094 40.7051 40.7008 40.6965 40.6922 
40.6869 40.6826 40.6783 40.6951 40.6908 40.6865 40.6787 40.6744 40.6702 40.6648 40.6605 40.6562 40.6484 40.6441 40.6398 40.6354 40.6268 40.6225 40.6139 40.6132 
40.6089 40.6026 40.5983 40.5897 40.5854 40.577 40.5714 40.5671 40.5628 40.5585 40.5543 40.5466 40.5392 40.5311 40.5268 40.5183 40.514 40.5097 40.5055 40.497 
40.5129 40.5136 40.5093 40.501 40.4968 40.5031 40.4989 40.4927 40.4885 40.4842 40.4783 40.474 40.4698 40.5927 40.5884 40.5841 40.5799 40.5756 40.5714 40.5671 
40.5628 40.5586 40.5526 40.5455 40.5972 40.5929 40.5887 40.5829 40.5787 40.5712 40.579 40.5732 40.565 40.5607 40.5565 40.5578 40.5535 40.5493 40.545 40.5393 
40.5311 40.5285 40.5243 40.52 40.5131 40.5257 40.5587 40.5616 40.5649 40.5576 40.5493 40.5434 40.5392 40.535 40.5307 40.5409 40.5367 40.5324 40.5282 40.5222 
40.523 40.5147 40.5104 40.6105 40.6021 40.5937 40.604 40.5997 40.5955 40.6004 40.5949 40.5907 40.5865 40.5881 40.5839 40.5797 40.5753 40.571 40.5668 40.5626 
40.5583 40.5504 40.5462 40.5415 40.5373 40.5475 40.5433 40.5652 40.5607 40.5565 40.5522 40.548 40.5395 40.5353 40.5276 40.5215 40.5173 40.5099 40.5057 40.4987 
40.4945 40.4903 40.4861 40.4781 40.4739 40.4696 40.4629 40.4549 40.4507 40.4465 40.4422 40.438 40.4337 40.4295 40.4253 40.4211 40.4169 40.4094 40.4052 40.401 
40.3968 40.3926 40.3884 40.3841 40.3792 40.375 40.3685 40.3643 40.4308 40.4226 40.4153 40.4111 40.4069 40.4028 40.3943 40.3861 40.3819 40.3777 40.3735 40.3693 
40.3609 40.3904 40.3862 40.3796 40.3754 40.3692 40.3642 40.36 40.3558 40.3668 40.3614 40.3572 40.353 40.3488 40.3447 40.3401 40.3356 40.3301 40.326 40.3218 
40.3176 40.3134 40.3123 40.3081 40.3002 40.2952 40.291 40.2868 40.2823 40.2782 40.2774 40.2847 40.2806 40.274 40.2698 40.2656 40.2572 40.2531 40.2451 40.2392 
40.2325 40.2262 40.222 40.2178 40.2137 40.2095 40.2054 40.2012 40.1971 40.193 40.1857 40.1815 40.1876 40.1835 40.1793 40.1752 40.1673 40.1662 40.1621 40.1579 
40.1538 40.1497 40.1455 40.1414 40.1366 40.1297 40.1255 40.1173 40.1132 40.109 40.1944 40.1903 40.2211 40.2151 40.2094 40.2053 40.1971 40.193 40.1888 40.1847 
40.1778 40.1736 40.1683 40.1639 40.1578 40.1537 40.1496 40.1441 40.14 40.1341 40.1388 40.1304 40.1263 40.1196 40.1154 40.1077 40.1004 40.0956 40.0915 40.0838 
40.0797 40.0737 40.0668 40.0627 40.0574 40.0532 40.0449 40.04 40.0359 40.0318 40.0277 40.0236 40.0153 40.0112 40.0071 40.003 40.0296 40.0255 40.3458 40.3732 
40.3656 40.3615 40.3574 40.3532 40.3491 40.345 40.3408 40.3572 40.3511 40.347 40.3429 40.3387 40.3368 40.3327 40.3424 40.3383 40.3333 40.3292 40.3216 40.3135 
40.3054 40.3013 40.2972 40.2893 40.2843 40.2802 40.2782 40.2741 40.27 40.2659 40.2618 40.2576 40.2535 40.2494 40.2453 40.2381 40.2312 40.2326 40.2261 40.222 
40.2138 40.2097 40.2056 40.1973 40.1894 40.1853 40.1968 40.1925 40.1884 40.1801 40.176 40.171 40.1669 40.1612 40.1571 40.153 40.1448 40.1369 40.1328 40.1287 
40.1484 40.1444 40.1382 40.1341 40.13 40.1259 40.1426 40.1385 40.1344 40.1261 40.1221 40.118 40.1121 40.1039 40.0998 40.0958 40.0917 40.0876 40.1079 40.1044 
40.1003 40.0962 40.11 40.1017 40.0944 40.0903 40.0862 40.078 40.0739 40.0662 40.0622 40.0581 40.054 40.05 40.0432 40.0402 40.0361 40.0279 40.0227 40.0154 
40.0114 40.0065 40.0024 39.9984 39.9962 39.9886 39.9846 39.9765 39.9725 39.9652 39.9744 39.9703 39.9663 39.9991 39.9951 40.0238 40.0163 40.0122 40.004 39.9969 
39.9929 39.9888 39.9848 39.9807 39.974 39.9699 39.9659 39.9618 39.9546 39.9478 39.9438 39.9397 39.9439 39.9398 39.9345 40.2038 40.2341 40.2284 40.2243 40.2191 
40.215 40.2082 40.2041 40.2 40.192 40.1847 40.1802 40.1762 40.1721 40.1654 40.1574 40.1533 40.1472 40.1457 40.1395 40.1354 40.1295 40.1254 40.1214 40.1173 
40.1105 40.1074 40.129 40.125 40.1209 40.1169 40.1146 40.1065 40.1025 40.0984 40.0903 40.0837 40.0796 40.0754 40.0948 40.0952 40.0912 40.0842 40.3035 40.2994 
40.2954 40.291 40.287 40.2816 40.2772 40.3707 40.3666 40.3612 40.3532 40.3492 40.346 40.3419 40.3527 40.3486 40.3446 40.3364 40.3364 40.3324 40.3283 40.3201 
40.316 40.3081 40.304 40.3 40.2945 40.2926 40.3016 40.2976 40.2929 40.2847 40.2806 40.2766 40.2685 40.2645 40.2603 40.2521 40.2443 40.2403 40.2961 40.2921 
40.2942 40.2901 40.2861 40.2821 40.274 40.2699 40.2642 40.2602 40.2562 40.2521 40.2456 40.2472 40.2432 40.2391 40.2351 40.2274 40.2234 40.2194 40.2154 