0 0 0 -1.273 -1.0184 -0.848669 -0.72743 70.8973 63.0198 51.4264 46.7513 42.8554 122.547 113.793 106.207 92.2749 86.4351 106.365 100.767 95.7283 90.3165 
86.2112 82.4629 79.027 105.397 145.11 139.704 134.714 129.116 124.812 120.51 113.072 109.645 104.003 99.5118 99.2762 95.7949 93.274 90.8823 88.6103 86.0453 
83.9966 77.1514 75.3979 73.7224 72.1198 105.685 114.577 112.238 109.994 107.837 117.128 113.945 111.835 107.281 105.365 103.517 101.732 100.008 98.341 105.197 
103.5 101.763 100.173 98.6323 146.207 164.642 173.097 168.948 166.534 164.117 161.838 161.624 159.44 157.305 154.834 162.162 160.083 158.035 156.06 156.118 
154.214 152.356 150.375 148.606 146.878 145.19 143.925 143.194 141.603 140.047 137.578 136.021 134.574 133.152 129.672 128.335 147.917 145.544 143.219 141.532 
140.555 139.19 137.852 134.98 133.485 132.237 131.013 129.811 128.214 127.059 125.924 124.191 123.102 120.833 119.791 118.767 117.174 116.189 115.221 113.315 
112.617 111.702 110.801 109.914 108.811 106.723 105.889 105.068 104.26 102.191 101.417 100.655 99.9036 98.5904 97.3148 95.8053 95.111 94.4268 93.7523 93.0874 
92.4319 91.1212 90.4884 89.8644 88.9464 88.3413 87.7444 86.0961 84.703 84.142 83.5885 82.3888 81.8398 81.8036 81.2792 80.7615 80.2503 80.1514 81.3114 80.8064 
80.1961 79.7041 79.2181 78.9006 78.4253 77.9404 77.4765 77.018 75.1846 74.7449 73.9977 73.2033 73.9893 75.0229 74.6894 77.4754 77.0401 76.6097 80.3892 79.9451 
79.5058 79.0714 78.5261 78.1016 86.0985 85.6381 83.9773 96.701 96.1921 95.6885 93.9575 92.7949 91.5116 91.0423 91.6331 91.168 90.7075 90.2517 89.8004 88.6237 
87.8727 87.4398 87.0112 86.5867 85.4827 84.9966 84.04 83.4187 82.1286 81.7393 81.3538 80.9718 80.3559 79.9693 78.6806 78.318 77.7167 77.1819 76.8311 76.4835 
76.1389 75.7975 75.4591 74.4362 73.825 73.4998 72.6909 72.3735 72.0588 71.7469 71.4376 71.1212 70.6833 70.3825 70.0842 69.7885 68.9121 68.6238 68.0886 67.8061 
67.5259 67.248 66.9724 66.6668 65.7151 73.3103 75.8047 75.5003 75.1983 74.8987 74.6014 74.3066 74.014 73.5973 72.9949 72.3352 71.8441 71.4632 71.6668 71.2722 
70.7866 70.5174 70.2503 69.472 69.2108 68.676 68.4198 67.7345 67.4837 66.8294 66.5837 66.3398 66.0976 75.1834 74.2921 74.0239 73.7576 73.4932 73.2308 72.9702 
72.4408 72.1848 71.8927 71.6404 71.1768 70.9288 70.6825 70.4379 69.7874 69.5476 69.3094 69.0729 71.5787 71.2882 70.5426 70.3051 69.622 69.3892 69.1579 68.2768 
68.0507 67.8261 67.603 67.1872 66.9677 66.7495 66.5328 66.3175 66.1036 65.5841 65.4238 67.2826 66.8785 66.6662 66.4552 65.3144 65.109 64.9049 65.0728 65.7745 
65.5703 65.0125 64.8118 64.2766 64.0794 63.8835 63.6887 63.4768 63.2845 63.0686 62.6898 62.5015 62.0595 61.8743 61.6901 61.5071 60.936 60.7267 60.5481 60.0924 
59.8401 59.6657 59.4922 59.3148 59.3632 59.1921 58.7437 58.3044 58.1378 57.9721 57.8074 57.3321 57.1702 56.998 57.3008 57.4409 57.2804 57.1209 56.9622 56.8526 
56.64 56.7194 56.5636 56.4086 56.025 55.8723 55.541 55.3905 55.2408 55.0126 54.8647 54.4765 54.3309 54.075 53.9312 53.7881 53.2955 53.1202 53.5239 53.1291 
52.8498 52.1871 51.6278 51.4937 51.3603 50.8893 50.7582 50.6277 50.4536 49.9131 51.2709 51.1405 50.7268 50.5984 50.4706 50.5848 50.723 50.9771 51.7676 51.4922 
51.3641 51.2207 51.094 50.9678 50.8423 50.6232 50.4991 50.3757 54.8366 68.3434 68.1169 67.7785 67.5028 67.3402 67.1783 67.0172 66.6679 68.0238 67.8618 67.5353 
67.3753 67.216 67.0549 66.8272 66.6703 66.2816 66.1268 65.9726 65.6814 65.2225 65.0716 64.9213 64.7717 64.5951 64.886 64.3906 64.2436 64.0331 63.8876 63.7427 
63.5985 63.455 63.312 63.056 62.9146 62.7739 62.6338 62.4943 62.3554 62.2171 62.0795 61.9425 61.806 61.6702 61.5349 61.2894 61.1556 61.0223 60.8113 60.4026 
60.2363 60.1062 59.9767 59.8477 59.7193 60.06 59.5787 59.4517 59.2305 59.1048 61.6955 65.2683 65.1306 64.9935 64.7341 64.5417 64.0515 63.9178 63.7847 63.6375 
63.5055 63.2369 62.8755 62.7384 62.6093 62.443 62.1655 61.7305 61.4053 61.2803 61.1557 61.0317 61.6089 61.4844 61.0844 60.6793 60.5574 60.4731 61.9565 61.7728 
61.6001 61.4777 61.3557 61.0235 60.9029 60.7324 60.6129 60.4938 60.3752 65.3874 65.2597 65.1325 65.0058 64.728 64.6026 64.4776 64.3531 64.0003 63.8647 63.7421 
63.62 63.4983 63.3772 63.2565 63.1362 62.9647 62.8354 62.9299 62.8501 62.7317 62.6138 64.4489 64.3282 64.3739 64.2539 64.1342 64.015 63.8962 63.501 63.2088 
62.9536 62.8377 62.5275 62.4128 62.2985 63.2516 63.1362 63.0212 62.9066 62.7231 62.6095 62.4963 62.3835 62.213 62.0609 63.2759 63.1625 63.0495 62.7759 62.664 
62.5525 62.2077 62.0974 61.9875 61.878 61.7689 61.6601 61.5518 61.4438 61.1934 60.9525 60.8461 60.7401 60.6345 60.3888 60.2303 60.1261 60.0223 59.9188 59.6812 
59.5787 59.1439 62.3564 62.2498 62.1436 62.5542 62.4478 62.6703 62.5082 62.4025 62.2179 62.113 62.0084 61.8961 61.4236 61.2171 61.1147 60.9336 60.8321 62.0836 
61.9805 61.8777 61.7753 61.6732 61.5417 61.4403 61.6382 61.478 61.304 61.0623 61.9973 61.8961 61.5459 61.364 63.0982 75.8385 75.7158 75.5935 75.4386 74.9874 
75.4653 75.3059 75.2459 75.1103 74.9903 74.8708 74.7185 74.5498 74.2826 74.1648 74.0475 73.764 73.6477 73.5317 73.4161 73.1811 73.0664 72.952 72.838 72.7244 
72.6111 72.4982 72.4207 72.3084 72.0902 71.938 72.6844 72.3733 72.262 72.0797 71.9198 71.8097 71.6999 71.5904 71.4813 71.3725 71.2116 71.1035 73.2722 73.1613 
73.0508 72.9295 72.8196 72.4727 72.1249 72.5935 72.4876 72.3793 72.2712 72.6944 72.5516 72.4141 72.224 72.117 72.0104 71.8135 71.7076 71.602 71.4201 71.4771 
71.346 71.2416 72.1791 72.0138 71.691 71.5866 71.4826 71.3788 71.2754 70.8232 70.6038 70.5019 82.2485 87.3345 90.0914 89.9622 90.0658 90.0921 89.9634 89.6423 
89.5146 89.3873 89.1487 89.0222 88.7022 88.5767 88.4516 88.6619 88.537 88.3272 87.9843 87.7722 87.5345 87.246 86.9679 86.787 86.6661 86.3538 86.1173 85.9979 
85.8788 85.76 85.4714 85.3501 85.2126 85.0954 84.9507 84.8342 84.718 84.5012 84.698 84.3782 84.0967 83.9823 83.8682 83.7544 83.6409 83.5277 83.5966 83.6051 
83.2909 83.1765 83.0648 82.9164 82.8053 82.8068 82.6961 82.5576 82.4476 81.9402 84.2867 84.1748 84.0631 85.5459 85.4327 85.1675 84.9427 84.8308 84.7191 84.6078 
84.3189 83.8819 83.7721 83.6626 83.5534 83.2909 83.0624 82.9544 82.5633 82.4213 82.3145 84.2526 84.1438 84.0352 83.9269 83.8189 83.7112 83.6037 83.3649 84.017 
83.8994 83.6902 83.5834 83.477 83.3036 83.1978 82.7189 82.6344 82.5297 82.4254 82.2876 82.1838 82.0803 82.2946 82.1693 82.0662 81.9634 81.8608 81.7472 81.418 
81.1653 80.8301 80.7295 80.6292 80.5292 80.4294 80.3299 80.2208 80.1218 80.023 80.0752 79.7834 79.6001 79.3162 79.1322 79.0354 78.9387 78.7459 78.5975 78.5018 
78.1791 77.9996 78.1545 78.2249 78.1302 78.0357 77.9415 77.7066 77.8621 77.7684 77.6749 77.5817 77.4887 77.3959 77.3033 77.2109 77.1063 77.2663 77.4035 77.2724 
77.1734 77.0818 76.9905 76.8122 76.6857 76.5952 76.5049 76.3115 76.2217 76.1321 76.0428 75.9536 76.8413 76.48 76.3906 76.3015 76.2125 76.0791 75.9906 75.824 
75.562 75.4745 75.3017 75.1375 75.0507 74.9642 74.7877 75.0319 77.0446 76.9561 76.8679 76.7798 77.2444 77.1561 77.068 76.9801 76.8925 76.805 76.7177 76.5022 
76.8279 76.7244 76.6376 76.4602 76.3739 76.2878 76.2019 76.1162 76.0307 75.8967 75.7979 75.5707 75.3616 75.1866 75.1027 75.019 74.9354 74.8521 74.7689 74.6515 
74.6552 74.4261 74.3186 74.2365 74.1645 74.0827 74.0011 73.9197 73.8385 73.7575 73.6528 73.5345 74.664 74.5824 74.5009 74.4197 74.2537 74.0256 73.941 73.8403 
73.5093 73.4028 73.3234 73.2441 73.165 73.8064 73.7269 73.5852 75.4241 75.3431 75.2623 75.2603 75.1711 74.9302 74.8303 74.7505 74.6708 74.5912 74.5119 74.4372 
74.3582 74.2793 74.2006 74.1221 74.0438 73.9656 73.8876 73.8097 74.1391 73.9509 73.8866 73.8091 73.7317 73.5927 73.5157 73.3409 73.2635 73.1871 73.1109 73.0348 
72.9116 72.8359 72.7604 72.685 72.6097 72.5346 72.4597 72.3849 72.3103 72.2358 72.1005 72.4479 72.3735 72.2993 72.2252 72.1513 72.0775 72.5427 72.4687 72.4842 
72.4104 72.1894 72.1161 72.0428 71.9183 71.8455 71.7291 71.6566 71.5842 71.3181 71.074 71.0024 70.9309 70.7758 70.7048 70.6339 70.5631 70.4925 70.422 70.3516 
70.2814 70.1633 70.0934 70.0125 69.9429 69.8734 69.9493 69.8139 69.7448 69.6758 69.6069 69.5382 69.7293 69.4492 69.3808 69.2411 69.1524 69.0026 68.935 68.8675 
69.1241 68.8673 68.8001 68.6758 68.6088 68.542 68.4754 68.4021 68.3357 68.2694 68.2033 68.0306 67.9518 67.9171 67.7447 67.4744 67.3925 67.3277 68.5095 68.3531 
68.1872 68.1 68.0348 68.2825 68.0576 67.9347 67.8459 67.7813 67.7167 67.6282 67.5639 67.4997 67.4357 67.2759 67.1441 67.0806 67.0172 66.9258 66.8627 66.7108 
66.648 66.5853 66.5132 66.4508 66.3885 66.1265 66.0124 65.9506 65.889 67.0306 66.8978 66.8355 66.7434 66.6813 66.6193 66.5575 66.4957 66.2901 66.2287 66.1674 
66.022 65.9611 65.9002 65.8395 65.7789 65.7183 65.606 65.5458 65.2268 65.167 65.1074 65.0478 64.9883 64.929 64.8698 64.7154 64.6035 64.5447 64.486 64.9851 
64.9262 64.8673 65.1654 65.2978 65.2354 65.1765 65.0997 65.0281 64.9622 64.9037 64.7262 64.6681 64.61 64.5312 64.4733 64.3085 64.251 64.1936 64.1363 64.0637 
63.8765 63.8196 63.7629 63.7062 63.6496 63.5773 63.5209 63.5808 63.4928 63.3557 63.3135 64.28 64.2233 64.1667 64.1102 64.0538 64.5346 64.4779 64.4214 64.3649 
64.3085 64.2065 64.1503 64.08 64.1078 64.2374 64.661 64.6048 64.5486 64.3701 64.3139 64.2581 63.9513 63.8959 63.8246 63.5589 63.504 63.4492 64.5054 64.6525 
64.5124 64.4477 64.2366 64.1595 64.8096 64.7541 64.6987 64.6848 64.6013 64.5461 64.4886 64.4336 64.3788 64.324 64.2693 64.3211 72.0829 71.8539 73.1008 73.0389 
72.9771 72.9154 72.7321 72.6707 72.6094 72.5482 72.4872 72.4262 73.3276 73.2529 73.1915 73.1301 73.0689 72.9736 73.6746 73.613 73.4408 73.3796 73.3184 73.5023 
73.4489 73.3673 73.4499 73.389 74.2015 74.1401 74.0787 74.0174 73.9423 73.8214 73.7258 73.6366 73.4739 73.437 73.3766 73.2597 73.1996 73.0556 72.9957 72.936 
72.8763 72.8162 72.6624 72.6031 72.3779 72.3189 72.26 72.1239 72.0653 72.0067 71.9483 71.8899 72.0779 72.0195 71.9612 71.8859 71.8279 72.4774 72.419 72.3606 
72.3023 72.2442 72.2276 72.1696 72.021 71.9632 71.9055 71.7829 72.2326 71.9694 71.9119 71.8291 71.7718 71.7146 74.1971 75.148 75.0836 75.0239 74.9644 74.8191 
74.6623 74.6032 74.5442 74.4853 74.4264 74.3677 74.309 74.2455 74.187 74.1286 74.0878 73.9174 73.9324 73.8744 73.8166 73.7587 73.7677 73.669 76.7997 76.7468 
76.6524 76.5926 76.533 76.4734 76.4139 76.3546 76.2953 76.2328 76.1737 76.1664 76.3961 76.3314 76.6807 78.0259 77.9091 77.8286 77.6678 77.5333 77.4736 77.3818 
77.3223 77.263 77.1805 77.1214 77.0623 77.0034 76.9445 76.8857 76.827 76.989 76.897 76.7782 76.7198 76.6614 76.7565 76.5774 76.5187 76.4607 76.4028 76.7866 
76.9232 78.2493 78.1902 78.0832 77.9483 77.8626 77.804 77.6803 77.6218 77.5635 77.4233 77.3652 77.3072 77.1929 77.083 76.9627 76.8753 76.8179 76.735 76.6274 
76.5304 76.4305 76.762 76.7049 76.5793 76.4515 76.2989 76.2371 76.1806 76.1242 76.0886 75.9787 75.9226 76.442 76.375 76.243 76.0603 75.8883 75.8286 75.8766 
75.8208 75.7652 75.6878 75.4859 75.4169 75.3618 75.34 75.2849 75.23 75.0151 74.9605 74.9364 74.8819 74.8274 74.75 74.6957 74.6415 74.6692 74.6629 74.5402 
74.4016 74.1821 74.1747 74.0955 74.0886 73.9957 73.9382 73.8849 73.7908 73.6533 73.6004 73.53 73.8669 73.7431 73.6338 73.5811 73.3833 73.3308 73.2585 73.1662 
73.1113 73.0592 72.9838 73.7514 73.6989 73.5443 73.498 73.4458 73.3273 73.2753 73.2279 73.1761 73.1243 73.0726 73.0197 72.9682 72.8942 72.8428 72.7915 72.7403 
72.8782 72.8284 72.7773 72.7262 73.4115 73.2992 73.2384 73.1861 73.1349 73.0838 73.0327 72.9818 72.9255 72.8422 72.7559 72.6601 72.6095 72.5591 72.5087 72.4584 
72.4081 72.9375 72.8869 72.8365 72.7861 72.6882 72.624 72.5739 72.5239 72.4739 72.424 72.3562 72.2819 72.2075 72.1102 72.0575 72.0519 72.0026 71.9533 71.8941 
71.8449 71.7958 71.615 71.5516 71.5027 71.454 71.4053 72.1664 72.1173 72.184 72.2442 72.1878 72.2583 72.2094 73.5235 73.4738 73.4241 73.3744 73.2406 73.2114 
73.162 73.1127 73.0469 72.9977 72.9485 72.7945 72.7175 72.6687 72.6137 72.565 72.7707 72.7219 72.6733 72.6313 74.7199 74.67 74.5011 74.4514 74.4017 74.4959 
74.3461 74.2295 74.1787 74.0975 74.0392 73.99 73.9082 73.8592 73.7272 73.6784 73.6194 73.518 73.4694 73.4209 73.283 73.2347 73.1865 73.1158 73.0677 73.0197 
72.9717 72.9238 73.2706 73.2225 73.1746 73.1066 72.9829 72.9352 72.8875 72.7621 72.6862 72.6388 72.5915 72.5442 72.4891 72.5308 72.5272 72.5208 72.4034 72.3535 
72.3058 72.259 72.2122 72.1654 72.1187 72.0721 72.1097 72.0544 72.008 71.9615 71.9152 71.9523 71.906 71.7587 71.7126 71.6404 71.5944 71.4592 71.3939 71.3481 
71.3024 72.6218 72.6541 72.6077 72.5613 72.5101 72.4639 72.4177 72.3716 72.3255 72.2795 72.4612 72.6353 72.5538 72.4413 72.3681 72.3222 72.915 72.8689 72.8228 
72.7768 72.6446 72.4768 72.4311 72.3568 72.5559 72.476 73.0929 72.9745 72.9287 72.855 72.8093 72.9213 73.5313 73.4852 73.4259 73.3799 73.334 73.2882 73.1423 
73.0681 73.0183 72.9728 72.9273 72.8528 72.8339 74.5028 74.4565 74.3979 74.3517 74.3056 74.2596 74.887 75.3607 75.3141 75.2675 75.221 75.1745 75.1281 75.0818 
75.0355 74.9892 74.9431 74.7065 74.6605 75.5433 75.4969 75.593 75.5466 75.4547 75.3579 75.3117 75.2656 75.2196 75.1596 75.2096 75.1434 75.0975 75.0518 75.0539 
74.9709 74.9253 74.8451 74.8518 74.777 74.6225 74.5772 74.532 74.4869 74.4417 74.3346 74.2897 74.2412 74.1658 74.1211 74.0763 74.0317 73.987 73.9943 73.9498 
73.8828 73.8384 73.7911 73.6343 73.5901 73.546 73.5019 73.4058 73.3619 73.3141 73.2628 73.2133 73.1508 73.1072 73.0635 73.0715 73.0279 72.9844 72.941 74.0642 
73.9898 73.9458 73.9019 73.858 74.278 74.2145 74.1705 74.1426 74.0987 74.0126 74.9512 74.9069 74.8627 74.8185 75.0305 74.9863 75.0044 75.2047 75.1604 75.1163 
75.0721 75.028 74.984 74.9377 74.8453 74.7704 74.7266 74.6829 74.6161 74.5725 74.5254 74.4819 74.4323 74.3558 74.3125 74.2692 74.4821 74.3925 74.3492 74.2095 
74.4871 74.9411 74.8976 75.2459 75.2023 75.1588 75.1153 75.0719 75.0285 74.9851 74.9418 74.8986 74.806 74.684 74.6053 74.5623 74.5194 74.4766 74.4338 74.3225 
74.2466 74.1477 74.1052 74.0627 74.8101 74.7672 74.7245 74.6477 75.4305 75.3768 75.3338 75.2908 75.2479 75.1149 75.0721 74.9921 74.8857 74.961 74.9184 74.8758 
74.7829 74.7405 75.1583 75.1157 75.0459 75.0034 74.961 74.9186 75.9184 75.8755 75.8303 76.4694 76.4263 76.3832 76.3402 76.2972 76.189 75.9947 75.952 75.9094 
75.8668 75.925 75.7472 75.7048 75.8667 75.7049 75.6626 75.6203 75.578 75.5359 75.4937 75.4376 75.3537 75.3045 75.2625 75.2206 75.1788 75.137 75.0953 75.0341 
74.9925 74.9509 74.9094 74.8679 74.8264 74.785 74.6444 74.6031 74.5619 74.5143 74.4732 74.4321 74.3911 74.3501 74.1692 74.3895 74.3486 74.3077 74.2669 74.3416 
74.3109 74.2701 74.1807 74.166 74.1254 74.0172 74.4401 74.3994 74.3404 74.2501 74.1536 74.1256 74.0852 74.0448 73.9966 74.2995 74.2591 74.1902 74.1359 74.0007 
73.9188 73.8787 73.7335 73.6935 73.5908 73.5509 73.5111 73.4542 73.4145 73.3047 73.2651 73.2256 73.1861 73.1466 73.1016 73.0622 73.0229 72.9836 72.9444 72.9052 
72.8661 72.8269 72.7879 72.7488 72.7099 72.6709 72.632 72.5931 72.5543 72.5155 72.4245 72.3573 72.3187 72.2801 72.2416 72.1808 72.1424 72.0426 71.9669 71.9287 
71.9213 71.8033 71.6889 71.6393 71.9826 72.121 72.0828 72.0446 71.8714 71.8334 71.7954 71.7575 71.6585 71.5935 71.5557 71.518 71.4803 71.4229 71.3837 71.3219 
71.2553 71.2179 71.1805 71.1431 71.0812 71.0341 70.9968 70.9596 70.9225 70.869 70.8087 70.7717 70.7347 70.6978 70.6609 70.5041 70.4674 70.4306 70.394 70.2753 
70.1721 70.1356 70.0185 69.9758 69.89 69.8537 69.7739 69.7377 69.7016 69.5275 69.4915 69.4555 69.4196 69.3837 69.2079 69.1721 69.1364 69.1008 69.0652 69.0296 
68.994 68.8716 68.8362 68.8008 68.6617 68.6197 68.5844 68.4725 68.4373 68.4023 68.3672 68.3409 68.4642 68.4292 68.3677 68.3126 68.1863 68.1515 68.0968 68.2408 
68.206 68.1113 68.0266 67.9919 67.9574 67.9228 67.8883 67.8506 67.8162 68.3646 68.3299 68.2953 68.2607 68.2261 68.1916 68.1571 68.1226 68.0605 68.0001 67.9658 
67.9315 67.8973 67.863 67.8289 67.7947 67.6547 68.2009 68.1655 68.1312 68.097 68.0628 68.0286 67.9945 67.8908 67.8568 67.8228 67.8833 67.9427 67.9087 67.831 
67.7971 67.7632 67.7294 67.6076 67.5296 67.496 67.4624 67.4288 68.6366 68.6024 68.5684 68.5343 68.4339 68.4262 68.3063 68.2724 68.2386 68.2441 68.2103 68.1616 
68.1125 68.0788 68.0294 67.9958 67.8926 67.8277 67.7943 67.7609 67.7275 67.6643 67.5996 67.5663 67.5331 67.5606 67.5274 67.4942 67.4299 67.7816 67.7484 67.655 
67.6393 67.5654 67.5175 67.5482 67.4851 67.4521 67.4192 67.3863 67.3534 67.2856 67.219 67.1901 67.1527 67.1645 67.1318 67.0717 67.0704 67.0378 67.0052 66.9727 
67.0007 66.9537 66.9274 66.895 66.8626 67.5073 67.4746 67.442 67.4094 67.4805 67.418 67.2905 67.2396 67.2072 67.1749 67.1425 67.1102 67.0779 67.0229 66.9907 
66.8835 66.731 66.699 66.667 67.0036 66.9389 66.9068 66.8748 66.8428 66.8108 66.7227 66.6275 66.6836 66.6518 66.6163 66.5845 66.5528 66.5645 66.5159 66.4843 
66.4526 66.421 66.3895 66.3579 66.2567 66.1971 66.1657 66.1343 66.103 66.1362 66.6875 66.6559 66.6244 66.5929 66.4993 66.4679 66.4365 66.4052 66.3864 66.7918 
67.2888 67.2571 67.1954 67.116 67.0668 67.0352 67.0037 67.2027 67.1712 67.1397 67.071 67.0395 67.0081 66.903 66.8563 66.7899 66.7587 66.7275 66.6963 66.6333 
66.6022 66.5129 66.4819 66.4469 66.4235 66.3925 66.3616 66.3308 66.2843 66.2535 66.2227 66.1577 66.1269 66.0904 66.0346 66.004 65.9734 65.9238 65.8219 65.7885 
65.7581 65.7117 66.1192 66.0393 65.9591 65.9287 65.8983 65.8679 65.8375 65.7383 65.708 65.7171 65.6868 65.7409 65.7107 65.6805 65.6504 65.6202 65.5148 65.7907 
65.7605 66.2804 66.25 66.1473 66.0532 66.023 65.9458 65.9157 65.8856 65.8556 66.2788 66.549 66.5186 66.664 66.6167 66.8084 66.8634 66.8095 66.7791 66.7488 
66.7184 66.6882 66.6579 66.607 66.5111 66.4809 66.4043 66.32 66.7707 66.7405 66.6559 66.6258 66.5957 66.5772 66.5436 66.4997 66.4697 66.6835 66.6534 66.6234 
66.5905 66.5605 66.5306 66.4976 66.4677 66.3892 66.3595 66.3297 66.2999 66.3301 66.3004 66.2707 66.241 66.2114 66.1818 66.1522 66.1226 66.0931 66.0636 66.1282 
66.0987 66.0586 66.0291 65.9997 65.9703 65.8962 65.8669 65.8376 65.7457 65.7839 65.8702 65.8409 65.8117 65.7825 65.6931 65.6639 65.6316 65.5967 65.7399 65.7419 
65.6967 65.6677 65.5811 65.6545 65.6255 65.6076 65.5325 65.5036 65.4193 65.3904 65.3354 65.3067 65.2779 65.2151 65.1865 65.1579 65.1293 65.0394 64.9829 64.9545 
65.0721 65.0436 64.9921 65.0729 65.0381 65.0788 64.9457 64.9174 64.7957 64.7674 64.7391 64.7109 64.6827 64.6545 64.6263 64.5835 64.5554 64.5273 64.4993 64.4248 
64.5079 64.4799 64.7209 64.6929 65.991 65.9554 65.9269 65.8983 65.8698 65.8413 65.7743 66.4881 66.4594 66.359 66.4392 66.4106 66.3355 66.3068 66.2256 66.191 
66.1625 66.1341 66.1056 66.0071 65.9231 65.8709 65.8426 65.8143 65.7861 65.7579 65.7343 65.7061 65.678 65.6137 65.5497 65.4453 65.4174 65.3894 65.5029 65.4394 
65.4114 65.3643 65.3364 65.3085 65.1932 65.1501 65.1223 65.0744 64.9775 64.9498 64.9222 64.8946 64.8671 64.7886 64.6146 64.55 64.8068 64.7794 64.7483 64.9325 
64.905 64.8775 64.8501 64.7962 64.7044 64.6523 64.625 64.5977 65.5796 65.5468 65.4565 65.4015 65.9808 65.8941 65.8777 65.85 65.8223 65.7946 65.767 65.8165 
65.7889 65.7422 65.7146 65.687 65.6595 65.632 65.6105 65.5831 65.5355 65.466 65.4386 65.4112 65.3839 65.3566 65.3293 65.247 65.2198 65.1843 65.1572 65.2229 
65.1957 65.1686 65.1415 65.0897 65.0626 65.0356 65.0086 64.9573 64.8071 64.7802 64.7413 65.4436 65.4165 65.3894 65.3323 65.3053 65.3177 65.5955 65.505 65.4779 
65.4509 65.4239 65.4233 65.3963 65.3694 65.5186 65.4854 65.623 65.822 65.795 65.7491 66.0586 65.968 65.9409 65.9695 65.9424 65.8379 65.71 65.6831 65.6562 
65.6328 65.5483 65.5214 65.4998 65.4731 65.3598 65.2816 65.3393 65.3448 65.3181 65.2537 65.2245 65.1979 65.1713 65.1448 65.1183 65.0892 65.6506 65.6011 65.5591 
65.5325 65.5941 65.5151 65.4886 65.4956 65.4468 65.4203 65.3949 65.3684 65.342 65.3276 65.3804 65.354 65.3161 65.3476 65.2738 65.1816 65.1321 65.0406 65.0144 
64.9882 64.962 64.8864 64.8603 64.8342 64.8082 64.7821 64.7476 64.7216 64.6956 64.6696 64.701 64.675 64.6491 64.6431 64.6172 64.5765 64.5494 64.5236 64.4915 
64.4657 64.44 64.4143 64.3885 64.3628 64.3372 64.2871 64.249 64.1922 64.1148 64.0893 64.0638 64.0944 64.0689 64.4791 64.4315 64.4059 64.3803 64.2823 65.3196 
65.2937 65.266 65.2091 65.2085 65.1827 65.1569 65.0693 65.0436 65.0178 64.9922 64.9665 64.9395 64.9139 64.9211 64.8955 65.0803 65.0546 65.0811 65.0555 65.0261 
65.0006 64.9207 64.8952 66.249 66.223 66.197 66.171 66.1322 66.1063 66.0804 66.0545 66.0543 65.9955 65.9697 65.9047 65.841 65.8152 65.7891 65.7466 65.721 
65.6953 65.6697 65.6441 68.2375 68.2109 68.1843 68.1506 68.1241 68.0976 68.0711 68.0171 68.0108 67.9844 67.958 67.862 67.7976 67.7682 67.7282 67.702 67.6758 
67.6351 67.6875 67.6515 67.6253 67.5992 67.573 67.5469 67.5286 67.5025 67.4565 67.4305 67.4044 67.3684 67.3424 67.3165 67.2906 67.2647 67.1972 67.1714 67.1291 
67.0964 67.0706 67.0208 66.9951 66.9694 66.9437 66.918 66.8924 66.8418 66.7602 66.8438 67.663 67.7413 67.7154 67.6895 67.6637 67.6195 67.5937 67.5537 67.5279 
67.6681 67.6423 67.6165 67.5685 67.5837 67.558 67.5323 67.5066 67.4809 67.4553 67.5966 67.4983 67.4727 67.7789 67.7532 67.7275 67.6834 67.6456 67.6199 67.5943 
67.5875 67.562 67.9166 67.891 67.8653 68.5584 68.6969 68.671 68.6451 68.6783 68.6524 68.6265 68.6006 68.5748 68.4924 68.4547 68.4289 68.4032 68.3775 68.3518 
68.3261 68.2529 68.2273 68.2017 68.1722 68.1467 68.1211 68.0956 68.0701 68.0262 68.856 68.8302 68.7681 68.7424 68.7167 68.691 68.6654 68.8067 68.781 68.7674 
68.7417 68.7161 68.6905 68.5626 68.5371 68.5009 68.4571 68.3998 68.3287 68.2333 68.1745 68.1491 69.2697 69.1927 69.1671 69.1414 69.1158 69.1058 69.0802 69.041 
68.9862 68.9606 68.9107 68.8852 68.9676 68.9421 68.9167 68.8139 68.7262 68.8022 68.8035 68.7782 68.7528 68.7061 69.1713 69.1458 69.1204 69.095 69.1306 69.1052 
69.0798 69.1342 69.2709 69.2253 69.1264 69.1011 69.567 69.5415 69.5142 69.4887 69.4633 69.3932 69.3679 69.3094 69.284 69.2244 69.1886 69.1633 69.1381 69.0808 
69.0557 69.758 69.7326 69.7008 69.6754 69.6591 69.6337 70.4385 70.3833 70.3577 70.3283 70.3329 70.3073 70.2818 70.2563 70.2308 70.2054 70.2267 70.1586 70.0966 
70.0712 70.0458 70.0205 69.9952 69.9552 69.93 69.8661 69.8408 70.1471 70.1954 70.17 70.1407 70.1154 70.0939 70.0687 70.0435 70.1509 70.1234 70.0891 70.0427 
70.0175 69.9923 69.9562 69.9311 69.906 69.8809 69.8007 69.7757 69.739 69.6679 69.6276 69.6027 69.6028 69.5779 69.5342 69.5093 69.4619 69.4371 69.4123 69.3875 
69.3278 69.2815 69.2568 69.2523 69.1941 69.1346 69.11 69.004 68.9675 68.943 68.9185 70.6996 70.6744 70.6493 70.6243 70.5992 70.5741 70.5381 70.8609 70.8358 
70.8107 70.9625 70.9373 70.9077 70.8231 70.754 70.729 70.7039 70.679 70.654 70.5806 70.5557 70.5274 70.5025 70.4776 70.4528 70.428 70.3729 70.2691 70.2444 
70.2197 70.1912 70.1665 70.1418 70.1172 70.0911 70.01 69.972 69.9475 69.9229 69.8635 69.7632 69.7387 69.7143 69.6578 69.6334 69.6091 69.5586 69.5342 69.5099 
69.4856 69.4798 69.4041 69.3799 69.2966 69.2725 69.2483 69.2242 69.2 69.1759 69.1024 69.0718 69.4298 69.4083 69.3842 69.3601 69.3202 69.2634 69.2393 69.2153 
69.1913 69.1673 69.133 69.2893 69.2653 69.2413 69.2173 69.1933 69.1694 69.1455 69.1216 69.0977 69.0553 69.0117 68.9878 68.964 68.9402 68.9164 69.3553 69.3314 
69.3075 69.2787 69.2549 70.8924 70.8433 70.7852 70.7194 70.6951 70.6579 70.636 70.5715 70.884 70.8596 70.7611 70.9602 71.6573 72.1055 72.0614 72.0367 72.0121 
71.9874 71.9807 71.9145 71.8496 71.825 71.8005 72.0481 72.0235 71.9335 71.9089 71.9224 71.9674 71.9429 71.9184 71.8939 71.785 71.7606 71.8068 71.7959 72.6734 
72.8061 72.7814 72.7567 72.7114 72.6518 72.6272 72.5702 72.5456 72.5178 72.4708 72.4218 72.3972 72.3282 72.3037 72.2792 72.2066 72.1822 72.1578 72.1334 72.1091 
72.0847 72.0604 72.0361 72.0344 72.0101 71.9858 71.9275 71.8935 71.8693 71.8451 71.8209 71.7688 71.732 71.6348 71.6107 71.5432 71.5192 71.4952 71.4712 71.4472 
71.4233 71.4479 71.4239 71.4 71.3301 71.284 71.2601 71.2363 71.2037 71.2786 71.2407 71.1866 71.1578 71.1341 71.1103 71.0713 71.0476 70.996 70.9724 70.9487 
70.9251 70.8628 70.8392 70.8156 70.7921 70.7685 70.745 70.7215 70.698 70.6745 70.6062 70.5295 70.5045 70.6337 70.5645 70.4978 70.4745 70.4511 70.4116 70.3771 
70.3507 70.2871 70.2566 70.2334 70.2102 70.1679 70.1414 70.1064 70.1917 70.1899 70.1667 70.12 70.0969 70.0738 70.015 69.9919 69.9689 69.9137 71.9496 71.9047 
71.881 71.8574 71.8338 71.8102 71.7682 71.7447 72.0777 72.0637 72.0121 71.9579 71.9343 71.9107 71.8872 71.8315 71.808 72.2625 72.2388 72.2152 72.1382 72.1011 
72.0775 72.054 72.0305 71.9884 71.9394 71.8664 71.8094 71.786 71.7404 71.7171 71.6937 71.6699 71.7434 71.6829 71.6222 71.6034 71.5801 71.5531 71.4888 71.4519 
71.3605 71.3374 71.6083 71.5851 71.5179 71.4169 71.3938 71.3753 71.322 71.2989 71.2759 71.5 71.4585 71.4354 71.4123 71.3959 71.3729 71.3498 71.266 71.2216 
71.1986 71.1757 71.1527 71.1298 71.1069 71.084 71.0494 71.0119 70.9761 71.1401 71.1025 71.0796 71.0568 73.7097 73.6861 73.6624 73.5988 73.5752 73.5516 73.5242 
73.5007 73.4771 73.4536 73.3768 73.3534 73.303 73.2203 73.1969 73.1433 73.1199 73.0865 73.0609 73.01 72.9867 72.9634 72.9152 72.8738 72.8506 72.8274 72.8042 
72.7197 72.6966 72.6648 72.5462 72.5232 72.5001 72.4771 72.5037 72.4807 72.4365 72.4135 72.3906 72.3676 72.3571 72.3342 72.3113 72.2839 72.2611 72.1786 72.1558 
72.1261 72.1016 72.0741 72.0362 72.0135 71.9907 72.0538 72.031 72.0083 71.9617 71.9333 71.9107 71.888 71.8415 71.812 72.1079 72.0639 72.0413 72.0169 71.9928 
71.9269 71.9059 71.8765 71.9102 71.8876 71.8487 71.8261 71.7112 71.7454 71.685 71.6625 71.6098 71.5874 71.5502 71.5263 71.5039 71.4815 71.4772 71.399 72.9666 
72.9438 72.943 72.9203 72.8975 72.8748 72.8521 72.8294 72.8067 72.8078 72.7851 72.7624 72.9417 72.919 72.8963 72.8736 72.851 72.8283 72.7962 72.7513 72.7287 
72.7657 72.7431 72.7072 72.6846 72.6621 72.6396 72.6171 72.5787 72.5177 72.4534 72.3969 72.3745 72.3515 72.3292 72.2954 72.2964 72.2375 72.2152 72.3133 72.291 
73.2699 73.2473 73.2247 73.1855 73.163 73.3538 73.3312 73.3086 73.2861 73.2635 73.241 73.1826 73.1602 73.1745 73.1521 73.3995 73.3769 73.3544 73.3319 73.3094 
73.285 73.2608 73.2384 73.1786 73.1562 73.1338 73.1114 73.0891 73.0667 73.0444 73.0221 72.9639 72.9883 73.0948 73.1914 73.1691 73.1468 73.1245 73.1022 73.0799 
73.0576 73.0354 73.0041 72.9819 72.9434 72.9212 72.899 72.8769 72.8547 72.8326 72.8017 72.7796 72.7575 72.7354 72.7133 72.6913 72.6692 72.6472 72.6147 72.5769 
72.5549 72.4975 72.4633 72.4814 72.4553 72.482 72.4601 72.4382 72.3856 72.3433 72.2978 72.2499 72.2281 72.2063 72.1663 72.129 72.0599 71.9857 71.9591 72.2116 
72.1899 72.1682 72.1465 72.1248 72.0794 72.0577 71.9726 71.9509 71.9293 71.9077 71.8862 71.8246 71.7759 71.7544 71.7329 71.7114 71.6456 71.6241 71.61 71.5885 
71.5671 71.5457 71.4849 71.4635 71.4421 71.4208 71.3995 71.3648 71.3435 71.3222 71.4237 71.3339 71.3126 71.2913 71.9056 71.8842 71.8628 71.8414 71.82 71.9558 
71.9562 72.0095 71.9778 71.9564 72.1554 72.134 72.1126 72.0911 72.0865 72.0651 72.0437 71.969 71.9386 71.9157 71.8944 71.8732 71.8519 71.8306 71.8094 71.766 
72.0536 72.0087 71.9874 71.9421 71.9062 71.8772 71.8199 71.778 71.7568 71.7122 71.68 71.602 71.5746 71.496 71.4611 71.5279 71.5068 71.4858 71.4648 71.4387 
71.4177 71.3967 71.3706 71.3493 71.3284 71.3074 71.2865 71.2656 71.2199 71.2001 71.1792 71.1401 71.1192 71.3539 71.333 71.3121 71.2876 71.2668 71.2422 71.2214 
71.1999 71.1791 71.1583 71.1375 71.1167 71.096 71.0137 70.9758 70.9522 70.9316 70.9109 70.8571 70.8161 70.7955 70.7749 70.7543 70.7337 70.7132 70.6926 70.672 
70.6425 70.6176 70.5683 70.6579 70.6024 70.5668 70.7859 70.9647 71.049 71.0285 70.9999 70.9779 70.9573 70.9368 70.9163 70.8958 70.8753 70.8411 70.8252 70.8047 
70.7843 70.7638 70.7434 70.723 70.7026 70.6822 70.6441 70.6238 70.6228 70.6024 70.5453 70.7964 70.776 70.8708 70.7982 70.7778 70.7575 70.7372 70.7168 70.7687 
71.1121 71.1019 71.0815 71.0611 71.0407 71.0204 71 70.9677 70.9376 70.9173 70.897 70.8767 70.8564 71.0453 71.005 70.949 70.9287 70.9282 70.908 70.8877 
70.8179 70.7977 70.7507 70.7305 70.7104 70.6902 70.6701 70.6499 70.5932 70.5731 70.553 70.5329 70.5129 71.5404 71.5201 71.4997 71.4794 71.4591 71.4388 71.4176 
71.393 71.3727 71.3525 71.5533 71.4786 71.4584 71.4381 71.4179 71.4634 71.4432 71.4119 71.3922 71.3936 71.3734 71.3528 71.3326 71.2971 71.2483 71.2281 71.396 
71.3095 71.2894 71.2693 71.2492 71.2291 71.1753 71.1552 71.1352 71.1151 71.0838 71.0638 70.9996 70.9579 70.9227 70.8915 70.8715 70.8468 70.8042 70.7843 70.7469 
70.7271 70.7072 70.65 70.7217 70.6507 70.6309 70.7034 70.6836 70.6638 70.644 70.5819 70.5349 70.5152 70.4954 70.4757 70.4353 70.396 70.3558 70.3362 70.3165 
70.2969 70.255 70.2354 70.1981 70.1713 70.1517 70.1268 70.1015 70.082 70.0625 70.043 69.98 70.0447 70.1395 70.1199 70.1005 70.0584 70.0348 70.0153 69.9959 
69.9493 69.9299 69.9105 69.8911 69.8924 69.873 69.838 69.8592 70.0285 69.943 69.9236 69.9029 69.8835 69.8642 69.8449 69.8256 69.8051 69.7858 69.7688 69.6899 
69.6706 69.6505 69.6313 69.6033 69.5841 69.8021 69.7829 69.7472 69.8958 69.8765 69.9376 69.8694 69.8502 69.8144 69.7952 69.776 69.7569 69.7424 69.7233 69.7041 
69.6497 69.6306 69.6115 69.5636 69.5445 69.5255 69.9492 69.93 69.9081 69.8516 69.8325 69.7619 69.7428 69.7225 69.6987 69.6796 69.6606 69.6415 69.6225 69.6035 
69.5768 69.5578 69.5388 69.5199 69.5067 69.4877 69.4544 69.4354 69.5207 69.4344 69.4155 69.3547 69.3798 69.3609 69.3404 69.3215 69.3321 69.3132 69.2501 69.176 
69.1498 69.131 69.1106 69.0664 69.1436 69.1218 69.1031 69.0723 69.0162 68.9975 68.9574 68.9388 68.9201 68.9015 69.1442 69.1255 69.0954 69.0767 69.058 68.9926 
68.974 68.99 68.9713 68.9527 68.9158 68.8112 68.7927 68.7533 68.7347 68.7162 68.6977 68.7282 68.7157 68.6972 68.6787 68.6602 68.9308 69.6181 69.5787 69.56 
69.5015 69.6275 69.6088 69.5901 69.5714 69.5527 69.534 69.5154 69.4967 69.4742 69.4556 69.437 69.4184 69.576 69.5121 69.4893 69.4707 69.4522 69.4336 69.415 
69.3902 69.3716 69.3388 69.3169 69.2984 69.8842 69.8655 69.82 69.8014 69.7687 69.7501 69.7316 69.713 69.677 69.6585 69.6399 69.6214 69.6003 69.5729 69.542 
69.5103 69.4848 69.4664 69.5217 69.5032 69.478 69.4586 69.409 69.3905 69.3525 69.3341 69.3156 69.2701 69.2517 69.2257 69.1828 69.1799 69.1616 69.12 69.1059 
69.0823 69.064 69.0458 69.001 68.9827 68.9645 68.9143 69.0584 69.0401 69.0024 68.9582 68.94 68.9014 68.8832 68.8651 68.847 68.8288 68.8107 68.7659 68.7478 
68.7219 68.96 68.9175 68.8994 68.8663 68.8482 68.8301 68.812 68.794 68.7759 68.7572 68.7392 68.7212 68.7031 68.6851 68.6672 68.6492 68.6312 68.6132 68.5953 
68.5773 68.5194 68.5313 68.4854 68.4675 68.4343 68.4164 68.3986 68.3742 68.3564 68.3385 68.3207 68.3022 68.2844 68.2639 69.0147 68.9967 68.9736 68.9556 68.9377 
68.9197 68.9018 68.8839 68.8659 68.848 68.8001 69.3111 69.2931 69.8505 69.8253 69.8072 69.8414 69.8233 69.8052 69.7871 69.769 69.7702 69.7521 69.7017 69.6744 
69.6564 69.613 69.6493 69.6313 69.6133 69.5592 69.4832 69.488 69.4439 69.4045 69.3783 69.3604 69.3223 69.3024 69.2846 69.2334 69.2155 69.2121 69.1942 69.1616 
69.1294 69.1116 69.0938 69.076 69.0583 69.1069 69.0895 69.0431 68.993 68.9753 68.9579 69.0918 69.074 69.0499 69.0322 68.9926 68.9749 69.0756 69.0478 69.0301 
69.0105 68.9705 68.9087 68.891 69.119 69.1013 69.0836 69.0654 69.0242 68.9656 68.9479 68.8989 68.875 68.8574 68.8399 68.8223 68.8047 68.8039 68.7863 68.7688 
68.7513 68.7337 68.6634 68.6459 68.6284 68.6109 68.5934 68.576 68.5585 68.5336 68.4928 68.4754 68.4683 68.436 68.4943 68.4769 68.4225 68.3648 68.2997 68.2823 
68.2496 68.3357 68.3184 68.2961 68.2788 68.2615 68.275 68.2577 68.2404 68.3678 68.4293 68.3997 68.3824 68.3651 68.3265 68.2738 68.269 68.2518 68.2345 68.2173 
68.2001 68.1829 68.1567 68.1177 68.0846 68.0674 68.0502 68.0331 68.016 67.9988 67.9676 68.2751 68.2467 68.2296 68.2124 68.1953 68.1781 68.138 68.0836 68.0565 
69.1269 69.1628 69.459 69.4416 69.4062 69.3888 69.3714 69.3524 69.335 69.3176 69.2924 69.2608 69.2982 69.2809 69.2636 69.2462 69.2001 69.1538 69.1221 69.2607 
69.2434 69.2261 69.1655 69.145 69.1278 69.1105 69.0933 69.076 69.1425 69.1253 69.101 69.0601 69.0429 69.0228 69.0055 68.9883 68.9712 68.954 68.9369 68.9194 
68.9023 68.9325 68.9154 68.8807 68.8636 68.9096 68.8925 68.8231 68.806 68.7852 68.7624 68.7453 68.7274 68.7104 68.6933 68.6365 68.5908 68.56 68.543 68.526 
68.4167 68.3998 68.3828 68.3676 68.7812 68.7642 68.737 68.72 68.669 68.5866 68.5697 68.5525 68.5356 68.4809 68.464 68.4471 68.4245 68.5758 68.5589 68.5611 
68.5387 68.5194 68.4992 68.4566 68.4398 68.423 68.4061 68.4243 68.4075 68.3907 68.3739 68.3571 68.3089 68.2899 68.2731 68.2564 68.2396 68.2009 68.1842 68.1675 
68.1508 68.1341 68.1174 68.1008 68.1425 68.1155 68.0989 68.5599 68.5432 68.5264 68.4841 68.4674 68.4462 68.4295 68.407 68.3658 68.3492 68.3325 68.3158 68.2759 
68.2593 68.2427 68.2177 68.2011 68.1845 68.5835 68.5668 68.5501 68.5335 68.5844 68.5961 68.5717 68.5514 68.5348 68.5181 68.5015 68.4848 68.4531 68.4365 68.4832 
68.4545 68.4379 68.4083 68.3913 68.3747 68.3581 68.3416 68.325 68.3085 68.2903 68.2737 68.1685 68.152 68.1355 68.119 68.1026 68.0861 68.0697 68.0532 68.0368 
68.07 67.9989 67.9825 67.9661 67.9446 67.9135 67.8493 67.833 67.8166 67.8003 67.784 67.7625 67.7198 67.7154 67.6991 67.664 67.6305 67.5917 67.5874 67.5711 
67.5279 67.5117 67.4825 67.4663 67.4501 67.4339 67.4166 67.4004 67.3843 67.3681 67.352 67.3189 67.2809 67.2926 67.2378 67.1525 67.1365 67.1204 67.1044 67.0883 
67.0723 67.0474 67.0314 67.0154 66.9994 66.9834 66.9838 66.9678 66.9023 66.8526 66.8193 66.7711 66.7339 66.6957 66.6704 66.692 66.6639 66.648 66.6322 66.6103 
66.5944 66.5906 66.5706 66.5097 66.4917 66.4213 66.4055 66.3897 66.3513 66.3201 66.2656 66.2258 66.2101 66.1944 66.1787 66.163 66.106 66.0904 66.1056 66.0677 
66.052 66.0364 66.0072 65.9916 65.9663 65.9507 65.9351 65.9195 65.9058 65.8902 65.8746 65.8531 65.8376 65.822 65.7955 65.78 65.7644 65.7489 65.7334 65.7127 
65.6762 65.6607 65.6452 65.6138 65.7226 65.7072 65.6767 65.6481 65.6326 65.6172 65.6257 65.5944 65.5789 65.5976 65.5375 65.5071 65.4917 65.4764 65.4468 65.4314 
65.7301 65.7147 65.6992 65.7223 65.6933 65.6778 65.6647 65.6399 65.6245 65.6091 65.5938 65.5717 65.7979 65.7796 65.7611 65.7458 65.7304 65.7134 65.6981 65.6777 
65.6624 65.6471 65.6318 65.6164 65.6011 65.5774 65.5901 65.5748 65.5422 65.5266 65.511 65.4878 65.4968 65.4815 65.4543 65.4391 65.4239 65.411 65.3942 65.399 
65.377 65.3702 65.355 65.3398 65.3246 65.3095 65.3159 65.4308 65.4156 65.8865 65.8656 65.8709 65.8556 65.8328 65.8189 65.8037 65.7885 67.119 67.0801 67.0646 
67.049 67.0335 67.0046 66.9891 66.9736 66.971 66.9555 66.9305 66.915 66.8858 66.8704 66.8549 66.8421 66.8267 66.8113 66.794 66.7451 66.7297 66.7144 66.6948 
66.7692 66.7773 66.756 66.7154 66.7 66.6491 66.6338 66.6185 66.6136 67.5599 67.5443 67.5255 67.51 67.4945 67.479 67.4635 68.2256 68.2477 68.232 68.2164 
68.2007 68.1851 68.1695 68.3753 68.3597 68.344 68.3172 68.2926 68.277 68.2582 68.2426 68.227 68.2114 68.1958 68.1802 68.2543 68.2709 68.2554 68.1955 68.6693 
68.6339 68.6182 68.5956 68.58 68.6889 68.6556 68.6051 68.5543 68.5387 68.5986 68.583 68.5674 68.5518 68.6421 68.6198 68.6042 68.5886 68.573 68.5575 68.5377 
68.5053 68.4897 68.4742 68.4586 68.4431 68.4276 68.412 68.3783 68.3628 68.3321 68.3166 68.2976 68.211 68.1955 68.1741 68.118 68.1026 68.0871 68.1604 68.3314 
68.3283 68.3049 68.269 68.221 68.2056 68.1902 68.1715 68.1507 68.1353 68.1199 68.1166 68.0869 68.0621 68.1485 68.1332 68.1178 68.1006 68.0759 68.046 68.0183 
67.9444 67.9264 67.8881 67.8728 67.8695 67.8543 67.8672 67.8185 67.8032 67.788 67.7729 68.0802 68.0649 68.0463 68.0311 68.0042 67.9533 67.938 67.9228 67.9076 
68.0029 67.9705 68.1142 68.0924 68.0772 68.069 68.0374 67.9847 67.9585 67.9433 67.9281 67.9129 67.8977 67.8455 67.8208 67.8056 67.7959 68.0892 68.074 68.046 
68.0308 68.055 68.0398 68.0247 68.0095 68.1247 68.1095 68.0944 68.0476 68.0325 68.0173 68.0786 68.0934 68.0783 68.0631 68.2956 68.2721 68.2511 68.2359 68.2207 
68.2515 68.2512 68.2808 68.2508 68.2357 68.219 68.186 68.2342 68.2191 68.204 68.1889 68.1738 68.2779 68.6116 68.5965 68.5813 68.5661 68.5509 68.5358 68.5206 
68.5049 68.4898 68.7358 68.6993 68.6477 68.6289 68.6138 68.5878 68.5726 68.5575 68.5424 68.5273 68.5021 68.487 68.4511 68.436 68.4171 68.402 68.387 68.3608 
68.3458 68.3307 68.3157 68.2783 68.2432 68.2282 68.1798 68.1613 68.564 68.5649 68.5498 68.5348 68.5197 68.4478 68.4328 68.5715 68.5565 68.4971 68.4821 68.4466 
68.408 68.3826 68.3625 68.3475 68.3915 68.3667 68.3517 68.3367 68.454 68.4391 68.4241 68.4084 68.3533 68.3383 68.3234 68.2959 68.281 68.2661 68.2015 68.1866 
68.1713 68.1438 68.1102 68.0954 68.0805 68.055 68.0402 68.3946 68.3796 68.3647 68.3531 68.3382 68.3233 68.3085 68.2936 68.2788 68.5429 68.528 68.5075 68.4785 
68.4609 68.446 68.4614 68.4465 68.4317 68.4168 68.402 68.362 68.3471 68.3795 68.3629 68.3481 68.3188 68.2947 68.2799 68.2651 68.2503 68.2041 68.1708 68.1561 
68.1413 68.1266 68.0704 67.9984 67.9837 67.9721 67.9574 67.934 67.9194 67.896 67.8813 67.8426 67.828 67.8133 67.7819 67.7601 68.0479 68.0333 68.0186 68.0973 
68.0613 68.0466 68.0132 67.9986 67.9392 67.9197 67.9051 67.8885 67.8739 67.8556 67.841 67.845 67.799 67.7653 67.7507 67.7362 67.6957 67.6812 67.6666 67.6802 
67.6656 67.6503 67.6358 67.6213 67.5981 67.5691 67.5547 67.5402 67.5122 67.4977 67.4865 67.5233 68.3217 68.2994 68.2806 68.266 68.2426 68.228 68.8379 68.8232 
68.8007 68.786 68.7713 68.7566 68.742 68.7645 68.7284 68.7138 68.6991 68.6845 68.6209 68.6063 68.5666 68.552 68.5402 68.4977 68.4831 68.4685 68.454 68.419 
68.4045 68.3899 68.3672 68.3526 68.3381 68.3236 68.3091 68.252 68.2338 68.2193 68.2048 68.1903 68.1759 68.1774 68.1629 68.1485 68.1389 68.1229 68.1062 68.0918 
68.0773 68.0387 68.2614 68.2843 68.2698 68.2554 68.241 68.2138 68.1613 68.155 68.1406 68.1268 68.09 68.0756 68.0496 68.0353 68.0209 68.0065 68.0694 68.0551 
68.0327 68.0184 67.9876 67.9712 67.9569 67.9426 67.9761 67.9618 67.9475 67.9332 67.946 67.9317 67.9174 67.8827 67.8664 67.8522 67.8379 67.8236 67.8764 67.8622 
67.8479 67.8057 67.7662 67.7704 67.7213 67.7386 67.7182 67.6783 67.6624 67.6482 67.6517 67.6221 67.591 67.5609 67.5467 67.4833 67.4862 67.4721 67.4579 67.4438 
67.4292 67.4151 67.5645 67.5681 67.5337 67.5035 67.4894 67.4753 67.4612 67.4472 67.4331 67.419 67.3966 67.3812 67.3671 67.3531 67.3153 67.3012 67.3069 67.2929 
67.2789 67.2593 67.2453 67.2313 67.2173 67.2033 67.1582 67.125 67.2461 67.2321 67.2181 67.1986 67.3415 67.3275 67.3135 67.2995 67.2856 67.2716 67.2352 67.213 
67.199 67.1844 67.174 67.155 67.1411 67.1272 67.1133 67.0993 67.0855 67.0716 67.0577 67.0045 67.019 67.0007 66.9869 66.973 66.9592 66.9454 66.9315 66.8797 
66.8659 66.8441 66.8303 66.8165 66.8027 66.974 66.9599 66.9231 66.9066 66.8929 66.9636 66.9498 66.9883 66.9745 66.9608 66.9141 66.9003 66.8865 66.8728 66.8537 
66.8326 66.8189 66.8051 66.7736 66.7598 66.7461 66.7135 66.696 66.6441 66.6304 66.5849 66.5712 66.5451 66.5314 66.5056 66.492 66.4394 66.4063 66.3864 66.5451 
66.5314 66.5178 66.5888 66.5752 66.5419 66.5283 66.484 66.4609 66.4473 66.4337 66.4057 66.3807 66.3671 66.5731 66.5558 66.5389 66.5253 66.4938 66.4802 66.4492 
66.4138 66.3813 66.3677 66.3292 66.3157 66.2899 66.4484 66.4262 66.4242 66.4106 66.3971 66.3794 66.3628 66.3246 66.4308 66.4027 66.3892 66.3757 66.3622 66.3192 
66.3057 66.2923 66.2721 66.2283 66.1962 66.1935 66.18 66.1639 66.1079 66.0887 66.041 66.0595 66.0445 66.0312 66.0178 65.9718 65.9584 65.9451 65.9317 66.191 
66.2176 66.2042 66.1714 66.1581 66.1447 66.1313 66.0883 66.0749 66.0616 66.0567 66.0416 66.0283 66.0149 65.9956 66.0054 65.9921 65.9788 65.9384 65.9251 65.913 
65.8997 65.8864 65.8731 65.8599 65.968 65.9547 66.1924 66.1791 66.3122 66.2988 66.2757 66.2624 66.249 66.2092 66.183 66.1697 66.1512 66.1269 67.3861 67.3666 
67.3531 67.8341 67.8038 67.7902 67.7727 67.9421 67.9047 67.955 67.9414 67.9278 67.9142 67.9005 67.878 68.549 68.5353 68.5216 68.5079 68.4933 68.4796 68.6064 
68.5927 68.5532 68.9483 68.9232 68.9094 68.8957 68.8819 68.848 68.8342 68.8205 68.8068 68.8606 68.8383 68.8246 68.8065 68.78 68.7427 68.7251 68.7001 68.6864 
68.6727 68.659 68.6572 68.6206 68.5774 68.5637 68.5501 68.5241 68.5013 68.4871 68.4735 68.4599 68.4342 68.4085 68.402 68.3517 68.4043 68.3516 68.338 68.3245 
68.3109 68.2974 68.2838 68.2822 68.2686 68.2551 69.3856 69.3719 69.5633 69.5495 69.5358 69.522 69.5083 69.4897 69.4695 69.6088 69.5951 69.5813 69.5676 69.5538 
69.5401 69.5223 69.4793 69.4656 69.4519 69.4382 69.4375 69.4238 69.372 69.3283 69.3147 69.2996 69.281 69.2674 69.2395 69.225 69.2163 69.2026 69.189 69.1754 
69.1186 69.0688 69.0552 69.0416 69.0281 69.0145 69.001 69.2683 69.3871 69.3734 69.3507 69.3229 69.3002 69.2866 69.273 69.2594 69.2458 69.2323 69.2187 69.2051 
69.1821 69.1755 69.157 69.1435 69.154 69.0983 69.058 69.0445 69.0209 69.0074 68.9878 68.9634 68.9499 68.9114 68.8914 68.878 68.8645 68.84 68.8265 68.8131 
68.7997 68.7831 68.7697 68.7452 68.7318 68.7184 68.6982 68.772 68.7407 68.7071 68.7451 68.7276 68.7142 68.7008 68.6874 68.674 68.6607 68.6473 68.634 68.6206 
68.6073 68.5939 68.5806 68.8365 68.8231 68.8098 68.7753 68.7616 68.7482 68.6734 68.6601 68.6284 68.5912 68.5779 68.551 68.5377 68.5244 68.5111 68.4922 68.4716 
68.4584 68.4451 68.4318 68.4803 68.4503 68.4319 68.4187 68.4054 68.3878 68.3746 68.3614 68.3482 68.3719 68.3587 68.3455 68.3322 68.3191 68.3059 68.2731 68.2279 
68.1786 68.3506 68.3124 68.2992 68.286 68.2729 68.2597 68.2465 68.2334 68.2202 68.2114 68.1982 68.1851 68.172 68.1756 68.1491 68.136 68.2163 68.2032 68.1889 
68.1758 68.1333 68.1574 68.1444 68.1355 68.204 68.1909 68.1367 68.1236 68.0929 68.0798 68.0574 68.0602 68.0472 68.0341 68.0446 68.0316 68.0185 68.0055 68.0458 
68.0297 67.9956 67.9697 67.9567 68.1186 68.1056 68.0925 68.1214 68.1084 68.395 68.3819 68.3689 68.3348 68.3217 68.3087 68.3238 68.3108 68.3272 68.3142 68.3012 
68.2881 68.2751 68.2621 68.3414 68.3129 68.2472 68.2334 68.2806 68.6399 68.6006 68.5875 68.5745 68.5614 68.5484 68.5353 68.5117 68.5005 68.4875 68.4552 68.4421 
68.4291 68.4161 68.4031 68.3901 68.3717 68.3587 68.3457 68.3296 68.3083 68.2819 68.2308 68.1938 68.1688 68.1559 68.143 68.13 68.1063 68.0934 68.1841 68.1675 
68.1546 68.14 68.1211 68.1082 68.0953 68.0824 68.0695 68.0567 68.0438 68.0309 68.0223 67.9772 67.9644 67.9345 67.9217 67.9088 67.8875 67.8747 67.8588 67.846 
68.0407 68.0258 67.9633 67.9512 68.0365 68.0237 68.0028 67.99 67.9716 67.9588 67.946 67.9268 67.9059 68.3575 68.3446 68.3225 68.3096 68.5102 68.4973 68.4663 
68.4534 68.4284 68.4156 68.4015 68.3886 68.3758 68.363 68.314 68.2649 68.2651 68.2311 68.2183 68.2055 68.1927 68.1679 68.1552 68.2003 68.1875 68.1747 68.162 
68.1424 68.1297 68.117 68.1042 68.0915 68.0787 68.1301 68.1173 68.1046 68.1026 68.2608 68.248 68.2471 68.2344 68.2216 68.2063 68.1936 68.1808 68.1544 68.1417 
68.129 68.1163 68.1036 68.0787 68.0399 68.0215 68.0088 68.0473 67.9952 67.9567 68.5637 68.5509 68.5284 68.503 68.488 68.4753 68.4386 68.399 68.3863 68.3736 
68.3609 68.3696 68.3414 68.2844 68.2717 68.2578 68.2451 68.381 68.3683 68.3442 68.3151 68.2902 68.2766 68.264 68.2513 68.2387 68.2073 68.1947 68.182 68.1694 
68.13 68.1173 68.1047 68.0951 68.0825 68.0628 68.0502 68.033 68.0204 68.0005 67.9879 68.0539 68.0413 68.0288 68.0162 68.0037 67.9777 68.0656 68.0531 68.0812 
68.1145 68.1019 68.0893 68.0567 68.0442 68.5026 68.4896 68.477 68.4644 68.4518 68.4297 68.3913 68.3787 68.3509 68.3383 68.3257 68.3453 68.3545 68.3268 68.3143 
68.6096 68.5884 68.5758 68.5632 68.5506 68.5137 69.026 69.0133 69.0006 68.9494 69.0106 68.9745 68.9618 68.9492 68.9365 68.8834 68.8708 68.8581 68.8159 68.7985 
68.7859 68.7733 68.7607 68.7244 68.6832 68.6706 68.6581 68.6455 68.6329 68.5996 68.5681 68.5556 68.5342 68.5217 68.5091 68.4804 68.4679 68.4554 68.443 68.43 
68.4175 68.4051 68.3926 68.3621 68.3489 68.3364 68.2993 68.2868 68.2744 68.262 68.2241 68.178 68.1656 68.1532 68.1408 68.1236 68.4357 68.4846 68.472 68.4376 
68.3987 68.3793 68.3669 68.3545 68.3819 68.3632 68.3315 68.3191 68.3067 68.2718 68.2225 68.2054 68.193 68.1806 68.1683 68.134 68.1575 68.1362 68.1153 68.103 
68.0826 68.0703 68.0154 68.0195 68.0072 68.0672 68.0549 68.0426 68.0303 68.018 67.9958 67.9835 67.9862 67.9739 67.9993 67.987 67.9748 67.9625 67.9459 67.9336 
67.934 67.9205 67.9013 67.8913 67.8791 67.8669 67.8346 67.8061 67.8306 67.8159 67.8864 67.8641 67.8516 67.8394 67.8218 67.8096 67.7974 67.7852 67.773 67.7608 
67.7413 67.7292 67.7098 67.7207 67.7085 67.6964 67.7121 67.6999 67.6878 67.6756 67.6635 67.6513 67.6392 67.6271 67.6149 67.6028 67.5907 67.5663 67.5542 67.5421 
67.53 67.5179 67.5058 67.4937 67.4693 67.4573 67.4452 67.4242 67.3912 67.3792 67.3671 67.3551 67.5029 67.4909 67.4726 67.4606 67.4485 67.4271 67.415 67.403 
67.391 67.379 67.3669 67.5347 67.5226 67.5106 67.4985 67.4865 67.4657 67.4537 67.4407 67.4287 67.3956 67.3836 67.3716 67.3573 67.3453 67.3423 67.3304 67.3184 
67.3064 67.2837 67.2523 67.2403 67.2284 67.2164 67.2045 67.1894 67.1531 67.1412 67.1292 67.1002 67.0883 67.0764 67.0645 67.0526 67.0337 67.0218 67.0096 66.9977 
66.9858 66.974 66.9407 66.9288 66.887 66.874 66.8622 66.8168 66.7833 66.7714 66.7596 66.7478 66.736 66.7242 66.7124 66.7006 66.6888 66.6638 66.652 66.6258 
66.6141 66.5876 66.7419 66.7403 66.7148 66.8068 66.795 66.7832 66.7714 66.7283 66.7165 66.7315 66.7773 66.7702 66.7073 66.6956 66.6838 66.6721 66.6604 66.6419 
66.7825 66.7457 66.7339 66.7269 66.7152 66.7035 66.6917 66.68 66.6683 66.6494 66.6377 66.6743 66.6626 66.6806 66.6689 66.6572 66.6738 66.6691 66.6574 66.6274 
66.6083 66.5996 66.6916 66.6601 66.6356 66.6065 66.5948 66.5831 66.7032 66.6798 66.6682 66.6565 66.6448 66.6143 66.6026 66.5892 66.558 66.5409 66.5155 66.5038 
66.4922 66.4806 66.469 66.4527 66.4252 66.4136 66.402 66.3876 66.376 66.3457 66.3342 66.3226 66.311 66.2995 66.2629 66.3611 66.3692 66.3539 66.3369 66.4074 
66.3642 66.3527 66.3212 66.3097 66.2873 66.2618 66.2503 66.2388 66.3642 66.3527 66.3285 66.3051 66.2936 66.2821 66.2706 66.2145 66.1798 66.1683 66.1568 66.1453 
66.1339 66.1224 66.1109 66.1618 66.1503 66.2581 66.2466 66.2134 66.2038 66.1784 66.1639 66.1524 66.141 66.1295 66.1181 66.0724 66.0591 66.0476 66.1308 66.1193 
66.1079 66.0925 66.0714 66.06 66.0486 66.0371 66.0257 66.0143 66.0029 65.982 65.9706 65.9592 65.9685 65.9571 65.9458 65.9344 65.8935 65.9124 65.9103 65.9061 
65.9209 65.9213 65.9011 65.8898 65.9254 66.0347 66.0016 65.9903 65.97 65.9587 66.4224 66.411 66.3727 66.3578 66.3464 66.3177 66.268 66.2566 66.2769 66.3236 
66.6445 66.8157 66.7806 66.7691 66.7396 66.7492 66.7178 66.7064 66.6949 66.6835 66.9647 66.9914 66.9799 67.1039 67.0924 67.0809 67.0694 67.0522 67.0408 67.0293 
66.9865 66.967 66.9555 66.9393 66.9264 66.9656 66.9591 66.9477 66.9499 66.9384 66.927 66.9155 66.9041 66.8836 66.8721 66.8607 66.8493 66.8379 66.8085 66.7861 
66.7747 66.7633 66.7448 66.7334 66.7221 66.7107 66.6993 66.6879 66.6766 66.6426 66.6244 66.5735 66.5622 66.5508 66.5395 66.5282 66.5127 66.5014 66.4901 66.4788 
66.4594 66.4481 66.4306 66.4155 66.4776 66.4533 66.4246 66.4133 66.3824 66.3714 66.3506 66.331 66.3197 66.2965 67.0251 67.0137 67.0024 66.9517 66.941 66.9296 
66.8729 66.8422 66.8557 66.9891 66.9597 66.9466 66.9353 66.924 66.9062 66.919 66.9077 66.8963 66.885 66.8531 66.8418 66.8305 66.8083 66.797 66.78 66.768 
66.7567 66.7355 66.7239 66.7126 67.4286 67.591 67.5796 67.5449 67.5273 67.5159 67.7371 67.7256 67.713 67.7016 67.6612 67.6918 67.6804 67.6384 67.6241 67.6127 
67.6012 67.5898 67.5551 67.5194 67.508 67.5775 67.5661 67.5444 67.5912 67.5796 67.5682 67.5569 67.5277 67.5435 67.5495 67.5382 67.5269 67.5155 67.5042 67.4929 
67.4551 67.4224 67.4111 67.3998 67.3885 67.3714 67.3801 67.3689 67.3339 67.3226 67.3113 67.3 67.2888 67.2673 67.2561 67.2448 67.2464 67.2144 67.1955 67.1843 
67.155 67.1423 67.127 67.0579 67.0443 67.0085 66.9974 66.992 67.2933 67.2821 67.2582 67.2204 67.2091 67.3287 67.3175 67.3136 67.3024 67.2912 67.246 67.2288 
67.2177 67.206 67.185 67.1738 67.1626 67.1514 67.1403 67.1291 67.1086 67.0974 67.0862 67.0734 67.0656 67.1535 67.1224 67.1111 67.089 67.0775 67.0664 67.0552 
67.0246 67.0135 67.0018 66.979 66.9697 66.9586 66.9475 66.9042 66.8931 66.8492 66.8381 66.8035 66.7924 66.7814 66.7549 66.734 66.7229 66.7119 66.7008 66.6898 
66.6595 66.6484 66.627 66.6018 66.5907 66.5797 66.5621 66.5511 66.5401 66.5291 66.5181 66.5071 66.5063 66.5333 66.5192 66.4987 66.4877 66.4767 66.4619 66.451 
66.44 66.4263 66.4154 66.4044 66.3935 66.3825 66.3676 66.3335 66.3045 66.2936 66.2454 66.2315 66.2206 66.2097 66.1927 66.1818 66.162 66.1432 66.1273 66.0987 
66.0878 66.0769 66.0661 66.0552 66.0431 66.0323 66.0214 66.0106 65.9997 65.9837 66.8856 66.8584 66.833 66.822 66.7931 66.7822 66.7712 66.7389 66.728 66.717 
66.7061 66.6952 66.6833 66.6723 66.6523 66.6414 66.6305 66.6196 66.6087 66.5978 66.6416 66.6307 66.61 66.5779 66.6297 66.6188 66.5937 66.5828 66.5719 66.561 
66.5502 66.5393 66.5087 66.4883 66.4775 66.4666 66.4474 66.4332 66.4223 66.3873 66.3765 66.3436 66.3001 66.2893 66.2785 66.2603 66.2495 66.2387 66.2279 66.2032 
66.4349 66.424 66.408 66.3804 66.3697 66.3579 66.3471 66.3363 66.3255 66.3147 66.3039 66.2932 66.2824 66.2715 66.2608 66.25 66.2191 66.2686 66.2579 66.2471 
66.2331 66.2224 66.2116 66.2004 66.2571 66.2463 66.233 66.3144 66.2864 66.3288 66.318 66.3073 66.2965 66.2858 66.2652 66.2441 66.2334 66.2227 66.212 66.2013 
66.1906 66.1669 66.1562 66.1414 66.3651 66.3525 66.3418 66.3311 66.307 66.2914 66.3303 66.3196 66.2652 66.2548 66.38 66.3647 66.354 66.3433 66.3313 66.4305 
66.4023 66.3916 66.3793 66.3686 66.3579 66.3305 66.3198 66.292 66.2663 66.2288 66.2179 66.2073 66.1763 66.1657 66.155 66.136 66.0956 66.085 66.081 66.0704 
66.0539 66.0301 66.0195 66.0089 65.9916 65.9638 65.9572 65.9245 65.9139 65.8883 65.8777 65.8672 65.8566 65.846 65.8355 65.8249 65.8144 65.8038 65.7933 65.7827 
65.7722 65.7617 65.7511 65.7393 65.7288 65.7183 65.7064 65.6934 65.8094 65.7989 65.7691 65.7627 65.7522 65.7416 65.7311 65.6844 65.6739 65.6634 65.6527 65.6399 
65.6294 65.619 65.5895 65.579 65.5633 65.5529 65.544 65.6049 65.5929 65.5781 65.5676 65.5572 65.5365 65.526 65.5427 65.5322 65.5218 65.4798 65.4694 65.4461 
65.4357 65.4252 65.4148 65.4044 65.394 65.3544 65.344 65.3239 65.3135 65.3026 65.2898 65.2795 65.2691 65.2485 65.2211 65.2108 65.1806 65.1498 65.1395 65.1292 
65.0625 65.0522 65.035 65.0247 65.0144 65.0041 64.9937 64.9834 64.9729 64.9626 64.9523 64.942 64.9316 64.907 64.8967 65.2919 65.2829 65.2725 65.2622 65.2138 
65.2034 65.2017 65.276 65.2657 65.2331 65.2228 65.2322 65.2219 65.1841 65.1738 65.1495 65.1392 65.1289 65.1162 65.12 65.0883 65.078 65.0575 65.0472 65.0211 
65.0108 65.0084 64.9982 64.9447 64.9352 64.925 64.9194 64.8946 64.8667 64.8565 64.8451 64.8349 64.8137 64.7899 64.7797 64.7695 64.759 64.7488 64.7387 64.7285 
64.7061 64.683 64.6497 64.6546 64.6444 64.6217 64.6115 64.6098 64.5997 64.5895 64.5478 64.5377 64.5176 64.5012 64.4977 64.4876 64.4774 64.475 64.4567 64.4466 
64.4365 64.4264 64.5065 64.4964 64.4673 64.4955 64.4854 64.4753 64.4597 64.416 64.3959 64.3708 64.3608 64.3507 64.3406 64.6101 64.6015 64.5796 64.6146 64.6045 
64.5944 64.5844 64.5743 64.5601 64.5501 64.5128 64.5027 64.4927 64.4826 64.4725 64.4625 64.4476 64.4198 64.8357 64.822 64.7999 64.7898 64.7797 64.8142 64.8041 
64.794 64.7839 64.7601 64.7501 64.74 65.0291 65.019 65.0004 64.9902 64.9801 64.9633 64.9316 64.9004 64.8903 64.8703 64.8602 64.8502 65.0586 65.0485 65.0595 
65.0707 65.0606 65.3507 65.319 65.3089 65.2939 65.2837 65.2695 65.2593 65.2437 65.226 65.2057 65.1956 65.1855 65.1858 65.1161 65.106 65.0641 65.054 65.044 
65.0339 65.0012 64.9867 64.9766 64.9643 64.9543 64.9443 64.9342 64.9242 64.916 64.906 64.896 64.886 64.8759 64.8357 64.8202 64.8042 64.7726 64.7626 64.7391 
64.7291 64.7191 64.7091 64.6992 64.6766 64.6667 64.6519 64.6419 64.632 64.6236 64.6137 64.6022 64.5921 64.5787 64.5849 64.5532 64.5258 64.5225 64.5125 64.5026 
64.4927 64.4808 64.4623 64.4524 64.4425 64.4326 64.3922 64.5274 64.5175 64.5076 64.4977 64.4878 64.4779 64.468 64.6406 64.6307 64.6187 64.6088 64.602 64.5921 
64.5822 64.6039 64.594 64.5841 64.5742 64.5731 64.5613 64.5514 64.5415 64.5266 64.5014 64.4668 64.457 64.4471 64.4373 64.4274 64.4175 64.3682 64.3547 64.3448 
64.335 64.3252 64.3153 64.5015 64.5312 64.5214 64.5115 64.5017 64.4918 64.482 64.5337 64.5239 64.514 64.5042 64.4944 64.7089 64.8869 64.8701 64.8363 64.8265 
64.8001 64.7903 64.7804 64.7705 64.7531 64.7432 64.7334 64.7671 64.7385 64.7287 64.7188 64.709 64.6991 64.6753 64.6654 64.6556 64.6458 64.6359 64.6173 64.575 
64.5408 64.5261 64.5163 64.5065 64.5673 64.5575 64.5733 64.6688 64.659 64.6185 64.6087 64.5989 64.5891 64.5793 64.5695 64.5553 64.516 64.5002 64.4979 64.4838 
64.464 64.4542 64.4445 64.4347 64.425 64.4149 64.3918 64.377 64.3672 64.3575 64.3486 64.3196 64.3099 64.3001 64.2904 64.2533 64.2463 64.2187 64.209 64.1993 
64.1856 64.1687 64.159 64.1493 64.123 64.1579 64.1482 64.1385 64.1288 64.1192 64.1095 64.0998 64.0647 64.047 64.0374 64.0179 64.0082 64.1249 64.1152 64.656 
64.6463 64.6345 64.6248 64.6151 64.5886 64.5766 64.5593 64.5496 64.5209 64.4831 64.4734 64.4486 64.5187 64.509 64.4993 64.4896 64.4799 64.4702 64.4276 64.5527 
64.543 64.5333 64.5173 64.5076 64.498 64.4863 64.4766 64.4669 64.4573 64.3948 64.3851 64.3631 64.3634 64.3257 64.3161 64.3064 64.2968 64.2711 64.2615 64.2515 
64.4015 64.3918 64.3707 64.3485 64.3389 64.3292 64.3196 64.31 64.3004 64.2908 64.6167 64.607 64.6381 64.6214 64.6118 64.6021 64.5814 64.5718 64.5622 64.5525 
64.5429 64.5333 64.5119 64.4767 64.4594 64.4475 64.4352 64.4256 64.3977 64.8109 64.8013 64.7916 64.782 64.7723 64.8072 64.7725 64.7625 64.9568 64.9471 64.9339 
64.9242 64.9146 64.8955 64.8706 64.8609 64.9154 64.9057 64.8961 64.877 64.8648 64.8552 64.8455 65.0361 65.0265 65.0168 65.0032 64.9936 64.9889 64.9793 64.9697 
64.96 64.9504 64.9253 64.9112 64.9065 64.8969 64.8873 64.9059 64.8808 64.8711 64.9245 64.9149 64.9003 64.9348 64.9091 64.8995 64.8701 64.8605 64.8509 64.8092 
64.7572 64.7415 64.7319 64.7223 64.6989 64.6879 64.6951 64.6855 64.6759 64.6664 64.6568 64.6473 64.6377 64.5993 64.5852 64.5757 64.5662 64.5489 64.5394 64.5146 
64.494 64.4845 64.475 64.4425 64.4223 64.4285 64.4056 64.3764 64.3669 64.3558 64.7707 64.7612 64.7516 64.7421 64.756 64.7412 64.7317 64.7222 64.7127 64.7024 
64.6929 64.6851 64.6756 64.6861 64.675 64.6525 64.643 64.6335 64.624 64.6145 64.5874 64.5779 64.5684 64.5527 64.5315 64.5738 64.5625 64.553 64.6374 64.599 
64.5895 64.5507 64.5413 64.5318 64.5224 64.5082 64.5144 64.5029 64.4777 64.4535 64.4129 64.3952 64.3669 64.3213 64.2954 64.286 64.2766 64.2453 64.2359 64.2265 
64.1876 64.1782 64.1647 64.1553 64.1459 64.1366 64.1272 64.1194 64.11 64.1421 64.1704 64.1644 64.155 64.1456 64.1256 64.1139 64.2387 64.2676 64.2556 64.3218 
64.4418 64.4308 64.4186 64.4093 64.3999 64.3905 64.3811 64.4927 64.4741 64.4648 64.4554 64.446 64.4366 64.4273 64.4179 64.4085 64.3902 64.3757 64.3524 64.3391 
64.3098 64.3005 64.294 64.2846 64.2543 64.2449 64.2356 64.2263 64.217 64.2076 64.1983 64.1976 64.1883 64.1789 64.1602 64.1451 64.1358 64.1265 64.1172 64.1079 
64.0925 64.0832 64.17 64.4723 64.463 64.4333 64.4239 64.4132 64.4017 64.3946 64.3853 64.3623 64.3524 64.3431 64.9235 64.9141 64.9047 64.8992 64.8706 64.8604 
64.8495 64.8196 64.8102 64.7979 64.7841 64.7748 64.7654 64.7561 64.7467 64.7374 64.7281 64.717 64.7076 64.6982 64.6695 64.6548 64.5889 64.5678 64.5585 64.6114 
64.5943 64.585 64.5615 64.7347 64.7149 64.7056 64.6963 64.6889 64.6763 64.6437 64.6273 64.618 64.6821 64.6728 64.6635 64.6542 64.6362 64.6269 64.7522 64.7206 
64.7113 64.702 64.6928 64.6835 64.6742 64.6649 64.6434 64.6341 64.6248 64.6156 64.6063 64.597 64.5769 64.5676 64.5584 64.5397 64.526 64.4903 64.481 64.4718 
64.4625 64.4465 64.4342 64.425 64.4158 64.3995 64.3792 64.37 64.4165 64.4072 64.3933 64.3866 64.3902 64.3806 64.5117 64.5025 64.4932 64.6315 64.8909 64.8816 
64.8626 64.8533 64.8441 64.8348 64.8239 64.8146 64.8054 64.783 64.7738 64.7645 64.7527 64.7435 64.7343 64.725 64.7158 64.7066 64.7388 64.7295 64.715 65.3026 
65.2933 65.284 65.2638 65.2545 65.2415 65.2215 65.2068 65.1976 65.1883 65.179 65.3008 65.2916 65.2759 65.2455 65.4861 65.4768 65.4675 65.4582 65.4246 65.4153 
65.406 65.3823 65.373 65.3637 65.3544 65.3452 65.3359 65.3233 65.3068 65.2782 65.2689 65.2597 65.2504 65.2412 65.2319 65.2047 65.1974 65.1882 65.1789 65.15 
65.1408 65.1293 65.1201 65.1957 65.1841 65.1524 65.1432 65.1108 65.1016 65.0925 65.0833 65.1533 65.1441 65.1349 65.1257 65.1037 65.0945 65.0659 65.0345 65.0253 
65.0047 64.9955 64.9863 64.9714 64.9622 64.953 64.9669 64.9523 64.9391 64.9125 64.9033 64.8762 64.8671 64.8579 64.8176 64.8084 64.7955 64.7864 64.7772 64.7986 
64.8646 64.8555 64.8464 64.8395 65.2801 65.7499 65.7317 65.7152 65.6965 65.6855 65.6567 65.6475 65.6186 65.6094 65.6001 65.5909 65.5647 65.5453 65.5274 65.5181 
65.5041 65.4949 65.6144 65.5646 65.5472 65.5263 65.5171 65.4858 65.5813 65.5721 65.5533 65.5386 65.5512 65.534 65.5248 65.5046 65.4954 65.4862 65.4771 65.4679 
65.4587 65.4039 65.3947 65.3856 65.3607 65.3516 65.3424 65.3396 65.3304 65.3112 65.2933 65.2786 65.3593 65.3449 65.3358 65.3267 65.3175 65.3084 65.289 65.2799 
65.2708 65.2617 65.2526 65.2435 65.229 65.2242 65.2203 65.2135 65.2099 65.2202 65.2111 65.202 65.183 65.165 65.1287 65.106 65.0969 65.0879 65.0788 65.0549 
65.0458 65.0368 65.2427 65.2337 65.2246 65.4277 65.4186 65.4095 65.3901 65.369 65.3599 65.3396 65.3305 65.3605 65.3514 65.3424 65.3333 65.3242 65.3151 65.2921 
65.283 65.2558 65.2363 65.2318 65.2228 65.2056 65.1815 65.1724 65.1634 65.1498 65.1332 65.1187 65.1096 65.1006 65.0891 65.1331 65.1047 65.0956 65.0808 65.0498 
65.0343 65.0176 64.9935 64.9839 64.9633 64.9543 64.9453 64.9363 64.9274 65.0231 65.0141 65.0051 64.9903 64.9813 64.9689 64.9683 64.9593 64.9503 64.9285 64.9194 
64.9104 64.9015 64.8925 64.9337 64.9247 64.9126 64.8885 64.9111 64.9519 64.9429 64.9098 64.9009 64.8889 64.8877 64.8661 64.8572 64.8482 64.8393 64.826 65.038 
65.0086 64.9996 64.9947 64.983 65.004 64.9951 64.9861 64.9772 64.9683 64.9593 64.9325 64.9235 64.9045 64.8955 64.8866 64.8777 64.8688 64.8582 64.8493 64.8403 
64.8298 64.8209 64.812 64.8031 64.7924 64.7835 64.8286 64.8197 64.8327 64.8239 64.815 64.8061 64.7972 64.764 64.7697 64.7609 64.7513 64.7333 64.7351 64.7068 
64.698 64.6891 64.6777 64.7529 64.744 64.7321 64.7082 64.6878 64.6699 64.661 64.6291 64.6203 64.6114 64.6026 64.5938 64.5849 64.8767 64.8626 64.8333 64.8245 
64.8156 64.8816 64.857 64.8481 64.8393 64.8206 64.7965 64.7876 64.7941 64.784 64.7752 64.7663 64.7575 64.7436 64.7348 64.7239 64.7151 64.7063 64.6938 64.685 
64.6762 64.6381 64.6293 64.6205 64.6228 64.614 64.5999 64.582 64.5732 64.5644 64.5263 64.5175 64.5088 64.4933 64.4719 64.6267 64.618 64.6092 64.5873 64.5785 
64.5697 64.785 64.7762 64.7674 64.8817 64.8729 64.8641 64.8553 64.8465 64.8377 64.8289 64.8201 64.904 64.8952 64.8864 64.8776 64.8688 64.86 64.8512 64.8424 
64.8336 64.7985 64.7897 64.7612 64.7524 64.7164 64.7077 64.6989 64.6902 64.6814 64.6859 64.6772 64.8298 64.8194 64.8106 64.8018 64.7878 64.7791 64.7661 64.7417 
64.733 64.7242 64.7155 64.6894 64.7812 64.7725 64.8125 64.8033 64.7922 64.7744 64.8539 64.8452 64.826 64.8173 64.8044 64.7957 64.7869 64.7782 64.7695 64.7607 
64.752 64.7433 64.7346 64.735 64.7263 64.7137 64.8332 64.8245 64.8158 64.7813 64.7726 64.7639 64.7552 64.7628 64.8441 64.8354 64.8267 64.8179 64.8027 64.7889 
64.7669 64.7582 64.7344 64.7803 64.7657 64.7452 64.7179 64.6843 64.6756 64.7015 64.6928 64.6841 65.3463 65.3375 65.3406 65.3264 65.3176 65.3089 65.3001 65.2914 
65.2826 65.2889 65.2802 65.2703 65.2616 65.2528 65.2441 65.232 65.2232 65.2145 65.1843 65.1756 65.1669 65.1582 65.1491 65.1397 65.131 65.1223 65.1801 65.1714 
65.1627 65.1697 65.1609 65.1522 65.1171 65.103 65.0902 65.0815 65.0604 65.0517 65.0307 65.0202 65.0115 65.0029 64.9723 64.9697 64.961 64.9523 64.9428 65.0441 
65.0354 65.0267 65 64.9599 64.9513 64.9356 64.9106 64.902 64.8933 64.8847 64.8761 64.8674 64.859 64.9463 64.9336 64.9113 64.9026 64.8669 64.8583 64.8497 
64.8224 64.8138 64.8052 64.7966 64.788 64.7632 64.7546 64.7449 64.7363 64.7055 64.6969 64.6883 64.6797 64.6712 64.6535 64.6449 64.6374 64.6288 64.6189 64.6085 
65.027 65.0184 64.9781 64.9579 64.9457 64.9371 64.9285 64.9199 64.8994 64.8908 64.8779 64.8694 64.8698 64.8612 64.8385 64.83 64.863 64.8544 64.8458 64.8372 
64.8289 64.8203 64.8117 64.8032 64.9666 64.958 64.9345 64.9259 64.9173 64.9045 64.8992 64.8823 64.8654 64.8619 64.8504 65.004 65.0404 64.9999 65.042 65.0271 
65.0186 65.0077 64.9992 64.983 64.9744 64.9656 64.957 64.92 64.911 64.8964 64.8672 64.8586 64.8501 64.8415 64.833 64.8118 64.8033 64.7895 65.0523 65.0437 
65.0275 65.0113 65.0027 64.9942 64.9856 64.97 64.9615 64.95 64.9397 64.916 64.9344 64.9259 64.9174 64.8906 64.8693 64.8608 64.958 65.0592 65.0817 65.0732 
65.0646 65.0338 65.0253 65.0168 64.9958 64.977 64.9685 64.96 64.9524 64.9439 64.9288 64.9084 64.8999 64.8906 64.8748 64.8663 64.8578 64.8493 64.8409 64.8222 
64.8137 64.8052 64.7967 64.7882 64.7798 64.7713 64.7595 64.7601 64.7719 64.7661 64.755 64.7465 64.7626 64.7541 64.7773 64.7688 64.7604 64.7519 64.7435 64.7348 
64.7263 64.7113 64.7029 64.6945 64.686 64.6776 64.6691 64.6406 64.6322 64.6238 64.6154 64.5953 64.5855 64.577 64.5686 64.5602 64.5682 64.5598 64.5514 64.6059 
64.5903 64.5629 64.5545 64.5461 64.5376 64.5292 64.5153 64.5069 64.4985 64.4901 64.4817 64.4645 64.5107 64.5023 64.4939 64.5221 64.5137 64.49 64.4816 64.4733 
64.4649 64.4466 64.4704 64.4727 64.4644 64.4439 64.4356 64.4228 64.4144 64.4024 64.3941 64.3793 64.3709 64.3481 64.3398 64.3314 64.3705 64.3557 64.3474 64.3518 
64.3434 64.3217 64.3134 64.3051 64.2967 64.2884 64.2801 64.2718 64.2635 64.3163 64.308 64.2997 64.3649 64.3454 64.3337 64.3254 64.394 64.3856 64.3616 64.3533 
64.3389 64.3306 64.3223 64.314 64.3038 64.2955 64.2812 64.3157 64.3056 64.2973 64.289 64.2807 64.2636 64.2554 64.2471 64.2388 64.2048 64.2516 64.2433 64.235 
64.2268 64.1972 64.189 64.2422 64.2314 64.2103 64.202 64.1937 64.1855 64.1772 64.1741 64.1581 64.1498 64.1362 64.1215 64.1132 64.105 64.0968 64.0885 64.0803 
64.068 64.0665 64.0457 64.0374 64.0292 64.021 64.0032 63.995 63.9868 63.9786 63.9598 63.9516 63.9434 63.9352 63.927 64.0223 63.9991 64.0255 64.01 64.088 
64.0797 64.0715 64.0757 64.0675 64.0735 64.0646 64.0523 64.0441 64.0359 64.0137 63.9943 64.0851 64.0769 64.0687 64.0605 64.0523 64.0344 64.0262 64.018 64.0098 
64.0016 63.9846 63.9765 63.9642 63.9561 63.9479 63.9331 63.925 63.919 63.9109 63.8959 63.9 63.8919 63.8837 63.8661 63.8538 63.8555 63.8473 63.8326 63.8244 
63.8163 63.8081 63.8 63.8671 63.859 63.8356 63.8275 63.8241 63.8159 63.8038 63.789 63.7809 63.7564 63.7483 63.7402 63.732 64.5064 64.4907 64.4531 64.4461 
64.4379 64.4297 64.4077 64.3995 64.3913 64.3831 64.3701 64.362 64.3538 64.3318 64.3218 64.3136 64.3044 64.2953 64.2759 64.2677 64.2595 64.7853 64.7771 64.926 
64.9178 64.9083 64.9201 64.9259 64.9176 64.8898 64.8582 64.85 64.8418 64.8221 64.8139 64.8024 64.7942 64.7785 64.7703 64.7621 64.7356 64.7274 64.7192 64.8377 
64.8235 64.8457 64.8375 64.8183 64.8102 64.8185 64.9074 64.8992 64.8855 64.8764 65.0044 64.9792 64.971 64.9628 64.9546 64.9448 64.9174 64.8829 64.8573 64.8477 
64.8395 64.8518 64.8436 64.8264 64.8179 64.804 64.7958 64.9334 64.9422 65.3521 65.3438 65.3356 65.3273 65.3191 65.3024 65.2898 65.2794 65.2593 65.2511 65.2429 
65.2347 65.2264 65.2182 65.21 65.2018 65.1856 65.1774 65.1692 65.1477 65.1395 65.0985 65.0868 65.0786 65.0704 65.0622 65.0541 65.0459 65.0377 65.0295 65.0214 
65.0132 65.0051 64.9969 64.9887 64.9806 64.9724 64.9643 64.9561 64.948 65.0879 65.0797 65.0715 65.0559 65.0446 65.0364 65.0191 65.0109 65.0028 64.9844 64.9762 
64.9579 64.9398 64.9317 64.9236 64.9154 64.9742 64.966 64.9579 64.9498 64.9417 64.965 64.9568 64.9487 64.9406 64.9325 64.9079 64.8998 64.8917 64.878 64.8538 
64.868 64.8599 64.8518 64.8437 64.8138 64.7931 64.785 64.7769 64.746 64.735 64.727 64.7241 64.6833 64.6752 64.6672 64.6591 64.6601 64.6521 64.6152 64.6071 
64.5991 64.591 64.583 64.5749 64.5482 64.6255 64.664 64.7534 64.7453 64.7373 65.3966 65.4804 65.4723 65.4537 65.4544 65.4463 65.4381 65.43 65.6818 65.6634 
65.6552 65.647 65.6319 65.6179 65.5909 65.6228 65.6064 65.7123 65.6983 65.8459 65.8377 65.8296 65.8214 65.8132 65.805 65.7969 65.7887 65.783 65.7595 65.7774 
65.7662 65.8025 65.7943 65.7862 65.788 65.7769 65.7667 65.7585 65.7504 65.7422 65.7297 65.7216 65.7134 65.7013 65.7033 65.6952 65.6779 65.6666 65.6585 65.6504 
65.6423 65.6201 65.612 65.6224 65.6143 65.6054 65.5973 65.5892 65.5811 65.573 65.5544 65.5463 65.5382 65.5223 65.5532 65.5451 65.537 65.529 65.508 65.4999 
65.4919 65.5873 65.5698 65.6721 65.6617 65.6536 65.6283 65.6202 65.6121 65.604 65.6816 65.6431 65.635 65.6269 65.6214 65.6133 65.6052 65.5972 65.5891 65.581 
65.5729 65.5616 65.5555 65.5474 65.5394 65.5286 65.5209 65.4925 65.4845 65.4752 65.4536 65.4282 65.4133 65.3908 65.3742 65.3662 65.3582 65.3501 65.3421 65.3934 
65.3805 65.3713 65.3633 65.3691 65.361 65.3339 65.3175 65.3095 65.2911 65.2831 65.2751 65.267 65.2556 65.2476 65.2396 65.2316 65.2236 65.2156 65.2076 65.1996 
65.1916 65.1836 65.1756 65.1677 65.1597 65.144 65.136 65.1247 65.1167 65.1088 65.1008 65.0904 65.0623 65.0702 65.047 65.039 65.0475 65.0395 65.0106 65.0669 
65.0569 65.049 65.0206 65.0126 65.0047 64.9968 64.9888 64.9798 64.9436 64.9357 64.9307 64.9228 64.9149 64.907 64.899 65.0383 65.0304 65.0225 64.9998 64.9841 
64.9761 64.9682 64.9603 64.9702 64.9623 64.9464 64.9186 64.9035 64.8855 64.8776 64.8668 64.8589 64.8459 64.8132 64.8011 64.7926 64.7863 64.9862 65.0076 64.9975 
64.9896 65.0725 65.0519 65.044 65.0323 65.1239 65.1129 65.105 65.0971 65.0841 65.0708 65.0629 65.0494 65.0415 65.0382 65.0118 64.9938 64.9859 64.978 64.9701 
64.9622 64.9543 64.9464 64.9309 64.923 64.9129 64.905 64.8847 64.8768 64.8689 64.8611 64.8532 64.8454 64.8276 64.8163 64.8084 64.8006 64.7928 64.7849 64.7715 
64.7636 64.7422 64.7213 64.7098 64.6902 64.6757 64.6805 64.9856 64.9749 64.9621 64.9543 64.9396 64.9159 64.9081 64.9002 64.88 64.8722 65.2374 65.2295 65.2247 
65.2168 65.2089 65.2011 65.1932 65.2897 65.2818 65.2579 65.25 65.2422 65.2216 65.2039 65.1961 65.1884 65.1765 65.248 65.2374 65.2296 65.2217 65.2139 65.2026 
65.1948 65.1869 65.1652 65.1661 65.2074 65.1901 65.1776 65.1597 65.1272 65.1146 65.0883 65.0804 65.0616 65.036 65.0282 65.0203 65.0125 64.9927 64.9838 64.9596 
64.9463 64.9385 64.9307 65.0133 65.0055 64.9766 64.9688 64.956 64.9482 64.9404 64.9204 64.9011 64.8911 64.8833 64.8755 64.8678 64.86 64.8505 64.8427 64.8453 
64.837 64.8264 64.8187 64.8381 64.8303 64.8226 64.8148 64.807 64.7993 64.7962 64.8758 64.8681 64.8603 64.8449 64.8307 64.8229 64.7856 64.7778 64.7701 64.7623 
64.7444 64.7245 64.7005 64.6802 64.6724 64.6647 64.657 64.6492 64.6415 64.6338 64.6165 64.6088 64.5897 64.582 64.5641 64.5466 64.5389 64.5093 64.5016 64.4939 
64.4862 64.4785 64.4708 64.4631 65.0002 64.9862 64.9784 64.9464 64.9387 64.9268 64.9133 64.9055 64.8943 64.8866 64.8789 64.8804 64.8729 64.9168 64.9091 64.9013 
64.9287 64.921 64.9083 64.9314 64.9237 64.916 64.9083 64.9006 64.8873 64.8796 64.8719 64.8405 64.8293 64.8216 64.8128 64.8051 64.7974 64.7897 64.7762 64.7685 
64.8558 64.8481 64.839 64.8164 64.8046 64.7952 64.7787 64.771 64.7531 64.7454 64.7378 64.7301 64.7209 64.7299 64.7222 64.7146 64.7069 64.8031 64.8115 64.8039 
64.7962 64.7844 64.7768 64.7691 64.79 64.771 64.7601 64.7524 64.7448 64.843 64.8354 64.8277 64.82 64.8124 64.7895 64.7807 64.762 64.7413 64.7337 64.707 
64.6994 64.7588 64.7512 64.7195 64.7146 64.707 64.6993 64.6751 64.6674 64.6598 64.6467 64.6163 64.6087 64.6011 64.5914 64.5838 64.5716 64.5582 64.5452 64.537 
64.5294 64.5218 64.5142 64.5066 64.499 64.4914 64.4838 64.4768 64.4562 64.5193 64.5683 64.5607 64.5531 64.6879 64.6803 64.6727 64.6651 64.6575 64.64 64.6324 
64.6248 64.6053 64.5798 64.7197 64.7121 64.7333 64.7517 64.7428 64.7153 64.7077 64.7001 64.679 64.6714 64.6684 64.6608 64.6571 64.6495 64.6338 64.6262 64.6131 
64.6056 64.598 64.5904 64.5828 64.5752 64.5676 64.56 64.5524 64.5449 64.5318 64.5211 64.5164 64.5088 64.5012 64.4689 64.4754 64.4578 64.4503 64.4427 64.4352 
64.4249 64.3973 64.3897 64.3822 64.3747 64.3663 64.3587 64.3512 64.3506 64.3242 64.3167 64.3027 64.2872 64.2763 64.2601 64.2526 64.2451 64.2376 64.2301 64.2226 
64.2043 64.1968 64.1893 64.1735 64.1541 64.1466 64.1322 64.1247 64.1173 64.1085 64.101 64.0936 64.0861 64.0786 64.0664 64.0547 64.0473 64.0398 64.0323 64.0035 
63.9786 63.981 63.9821 63.9918 63.9844 63.9769 63.9695 63.9569 63.9494 63.942 63.9728 63.9654 63.9579 63.9505 63.9253 63.9179 63.8981 64.1999 64.1924 64.185 
64.1695 64.1443 64.1085 64.1011 64.071 64.0635 64.0421 64.0347 64.0272 64.0198 64.0124 64.0049 63.9612 63.9538 63.9464 63.9909 63.9834 63.976 63.9686 63.9612 
63.9507 63.9432 63.9358 63.9284 63.8929 63.8936 63.8862 63.8755 63.8681 63.8607 63.8461 64.4139 64.3998 64.3761 64.3687 64.3785 64.371 64.3636 64.3561 64.3295 
64.322 64.3139 64.3065 64.2885 64.268 64.2721 64.2621 64.2546 64.2472 64.228 64.2206 64.2521 64.2325 64.2251 64.2177 64.21 64.1977 64.1902 64.1802 64.1728 
64.168 64.1606 64.1532 64.1374 64.1265 64.1196 64.1122 64.1048 64.0974 64.09 64.1068 64.0809 64.0664 64.0589 64.0516 64.0442 64.0368 64.0294 64.022 64.0147 
63.9962 63.9889 63.9815 63.9741 64.0024 63.9901 63.9822 63.973 63.9986 63.9912 63.9874 63.98 63.9604 63.937 63.9297 63.9577 64.0188 64.0114 64.0041 64.2463 
64.2389 64.2315 64.2242 64.2095 64.1998 64.1925 64.1851 64.1777 64.1704 64.163 65.3643 65.3535 65.346 65.3385 65.3247 65.3155 65.308 65.3005 65.2788 65.2713 
65.246 65.2319 65.2244 65.2148 65.3164 65.3089 65.3014 65.3211 65.3137 65.3192 65.3118 65.3043 65.3993 65.3918 65.3736 65.3661 65.3586 65.3303 65.3228 65.3076 
65.3481 65.3406 65.3295 65.3221 65.3146 65.3054 65.298 65.546 65.5385 65.531 65.4987 65.4912 65.4909 65.4834 65.4759 65.4684 65.5752 65.5678 65.5603 65.5465 
65.539 65.5166 65.499 65.4824 65.4677 65.4395 65.432 65.4185 65.4111 65.4036 65.3814 65.3739 65.3665 65.359 65.3516 65.3441 65.3367 65.3292 65.3094 65.302 
65.2945 65.2871 65.2796 65.2661 65.2586 65.2512 65.22 65.2118 65.2044 65.197 65.1926 65.1852 65.1969 65.1895 65.1821 65.223 65.2551 65.2381 65.2307 65.2169 
65.2094 65.202 65.1946 65.1532 65.1458 65.1384 65.131 65.1236 65.1128 65.1054 65.0968 65.0719 65.0615 65.0541 65.0467 65.0784 65.071 65.0636 65.079 65.0909 
65.0835 65.0761 65.0635 65.0561 65.0488 65.0956 65.0818 65.0577 65.0504 65.1 65.2326 65.3339 65.3265 65.3018 65.2846 65.2672 65.25 65.2589 65.2515 65.2441 
65.2625 65.2552 65.2478 65.2404 65.233 65.2257 65.2183 65.2109 65.2035 65.1885 65.1811 65.1737 65.1664 65.1499 65.1425 65.1352 65.1278 65.1205 65.1131 65.1058 
65.0947 65.1112 65.1039 65.0957 65.0883 65.0773 65.07 65.0627 65.0553 65.0449 65.031 65.0117 65.0042 64.9969 64.9895 64.9708 64.9635 64.9562 64.9488 64.9333 
64.926 64.9139 64.9572 64.9499 64.9426 64.9352 64.9279 64.9131 64.9058 64.8985 64.8875 64.8802 64.8729 64.8656 64.8583 64.8549 64.8491 64.8419 64.8346 64.8214 
64.8992 64.9428 64.9355 64.925 64.8939 64.8866 64.8724 64.8651 64.8579 64.8506 64.8418 64.8345 64.8217 64.8145 64.8072 64.812 64.8025 64.7952 64.8429 64.8285 
64.8111 64.792 64.7848 64.7775 64.7702 64.763 64.7546 64.8429 64.8952 65.0032 64.9959 64.9744 64.9652 64.958 64.9507 64.9434 64.9362 64.9229 64.9156 64.8943 
64.8813 64.8605 64.8533 64.846 64.9446 64.9373 64.9221 64.9119 64.9046 64.8974 64.8901 64.8841 64.8769 64.8704 64.8522 64.84 64.8328 64.829 64.8218 64.8145 
64.8072 64.7999 64.7923 64.7851 65.0804 65.0732 65.0659 65.0587 65.0279 65.0092 65.002 64.9947 64.9805 64.9732 64.9574 64.9426 64.9354 64.9116 64.8978 64.8822 
64.875 64.9249 64.9177 64.9095 64.8943 64.8871 64.8729 64.8656 64.8584 64.8391 64.8318 64.8031 64.7959 64.8305 64.8233 64.84 64.8679 64.8757 64.891 64.9683 
64.9611 64.9538 64.9404 64.9332 64.926 64.9153 64.9081 64.8983 64.8911 64.8839 64.8767 64.8617 64.8536 64.9014 64.8582 64.8702 64.863 64.8542 64.847 64.9707 
64.9635 64.9553 64.9438 64.9366 64.9294 64.9222 65.0176 65.0104 65.0626 65.0554 65.0482 65.041 65.0338 65.0266 65.0185 65.0113 65.0041 64.9794 65.3762 65.369 
65.3618 65.3546 65.3474 65.3516 65.3264 65.5237 65.5066 65.5026 65.4954 65.5022 65.4941 65.4759 65.4649 65.4571 65.4498 65.4426 65.4354 65.4282 65.4209 65.4119 
65.4047 65.3975 65.3883 65.3687 65.3789 65.353 65.5958 65.5886 65.6181 65.6109 65.605 65.5891 65.5819 65.5746 65.5657 65.5585 65.5793 65.5721 65.5627 65.5555 
65.5136 65.5064 65.4958 65.4885 65.4785 65.4641 65.4489 65.4417 65.4212 65.413 65.3899 65.3827 65.3755 65.3477 65.3336 65.3264 65.3192 65.312 65.2957 65.2731 
65.2659 65.2534 65.2463 65.2374 65.2169 65.2098 65.2026 65.1954 65.266 65.2389 65.2317 65.2245 65.2205 65.2197 65.2125 65.2048 65.1846 65.1683 65.1496 65.1424 
65.135 65.1279 65.1575 65.1504 65.1412 65.1281 65.1991 65.192 65.1759 65.1688 65.1616 65.2124 65.2053 65.2435 65.2364 65.2292 65.2221 65.215 65.2268 65.2197 
65.2126 65.2054 65.2085 65.2067 65.1903 65.1832 65.1761 65.1663 65.187 65.1799 65.1747 65.1676 65.1594 65.1487 65.145 65.1379 65.1308 65.1198 65.1127 65.1047 
65.0976 65.083 65.1091 65.102 65.0949 65.0895 65.0729 65.0578 65.1319 65.1248 65.1177 65.1105 65.1034 65.0963 65.0865 65.0794 65.1794 65.1603 65.1419 65.1352 
65.1469 65.1398 65.1327 65.1256 65.1153 65.1082 65.1011 65.0901 65.1391 65.132 65.1249 65.1147 65.1076 65.0874 65.6083 65.6534 65.6462 65.6391 65.6216 65.6145 
65.6073 65.5987 65.5836 65.5765 65.5693 65.5622 65.5551 65.548 65.5325 65.5254 65.6294 65.6142 65.6071 65.6 65.5928 65.5857 65.7011 65.6756 65.6685 65.6613 
65.6542 65.9644 65.9572 65.9501 65.9612 65.954 65.9469 65.9398 65.9326 65.9255 65.9168 65.9096 65.9266 65.9195 65.9123 65.9316 65.9245 65.9173 65.9162 65.909 
65.8975 65.8904 65.8805 65.8734 65.8663 65.8591 65.852 65.8403 65.8418 65.8907 65.8835 65.8614 65.8635 65.8475 65.8581 65.851 65.8401 65.833 65.8259 65.8188 
65.7867 65.7796 65.7725 65.7654 65.7493 65.7422 65.7351 65.8441 65.8399 65.8289 65.8218 65.8147 65.8076 65.7957 65.7965 65.7809 65.7736 65.7665 65.7594 65.7518 
65.7447 65.7257 65.7034 65.6964 65.6779 65.7451 65.7782 65.77 65.7557 65.7389 65.7279 65.7238 65.7167 65.8435 65.8364 65.8283 65.8212 65.8141 65.8071 65.8457 
65.8386 65.8315 65.8244 65.8153 65.8082 65.8011 65.7958 65.774 65.7669 65.8814 65.8679 65.8609 65.8538 65.8375 65.8304 65.8074 65.793 65.7859 65.7789 65.7718 
65.7647 65.7577 65.7506 65.7344 65.7274 65.7203 65.7092 65.7022 65.6952 65.6881 65.6811 65.674 65.667 65.6654 65.6452 65.6263 65.6193 65.5969 65.6734 65.6664 
65.6594 65.6441 65.6293 65.6223 65.6153 65.6083 65.6012 65.5942 65.5872 65.5802 65.5732 65.553 65.546 65.5253 65.5153 65.5083 65.5013 65.4743 65.4693 65.4737 
65.5444 65.5374 65.5304 65.5234 65.5164 65.5079 65.5069 65.4872 65.4802 65.4576 65.4506 65.4315 65.4245 65.4176 65.4068 65.402 65.395 65.3881 65.3811 65.3641 
65.3572 65.35 65.3431 65.3248 65.3179 65.3109 65.304 65.297 65.29 65.2511 65.2441 65.215 65.208 65.1925 65.1641 65.1571 65.1502 65.1341 65.1271 65.1202 
65.1133 65.1064 65.0994 65.0925 65.0856 65.0787 65.0718 65.3369 65.33 65.3231 65.3161 65.3092 65.2946 65.2877 65.2808 65.2738 65.2669 65.2556 65.2386 65.2254 
65.2185 65.2115 65.1999 65.1922 65.1853 65.1904 65.1738 65.1669 65.16 65.1531 65.1368 65.1272 65.1111 65.1026 65.0879 65.081 65.0741 65.0547 65.0467 65.0398 
65.0329 65.0261 65.0076 65.0007 64.9938 65.0728 65.0659 65.0519 65.2221 65.2152 65.2144 65.2036 65.1967 65.1898 65.1829 65.176 65.1691 65.1513 65.1444 65.1372 
65.1304 65.116 65.1005 65.0937 65.0861 65.0772 65.0703 65.1976 65.1825 65.1782 65.1493 65.1425 65.1356 65.1287 65.1178 65.1054 65.0985 65.0916 65.0848 65.0779 
65.071 65.0582 65.0548 65.6283 65.6214 65.6129 65.5886 65.5817 65.5736 65.559 65.5521 65.5397 65.6136 65.6024 65.5834 65.5765 65.5503 65.5434 65.5365 65.5217 
65.5161 65.497 65.4901 65.4832 65.4763 65.4694 65.46 65.4531 65.4366 65.4661 65.5157 65.5088 65.4972 65.4904 65.4835 65.4766 65.4683 65.4615 65.4546 65.4477 
65.4408 65.4376 65.4223 65.4116 65.4047 65.3978 65.391 65.5341 65.6049 65.5776 65.5707 65.5548 65.548 65.6595 65.6526 65.6457 65.6388 65.8192 65.8123 65.8093 
65.7981 65.9037 65.9334 65.9265 65.9196 65.9127 65.9008 65.8939 65.887 65.8801 65.8732 65.8496 65.8293 65.8224 65.8402 65.8261 65.8192 65.8123 65.8055 65.782 
65.7709 65.764 65.7475 65.7808 65.7732 65.7663 65.7567 65.7499 65.7787 65.7688 65.7619 65.8536 65.8463 65.839 65.8321 65.8252 65.8086 65.8011 65.7943 65.7811 
65.7742 65.7674 65.9546 65.9476 65.9404 65.9318 65.9249 65.918 65.9111 65.9712 65.9725 65.9656 65.987 66.0104 66.0035 65.9897 65.9828 65.976 66.0347 66.0246 
66.0129 65.9986 65.9867 65.9798 65.9652 65.9563 65.9579 65.951 65.9442 65.9373 65.9304 65.9236 65.9622 65.9399 65.9331 65.9262 65.9176 65.9243 65.9175 65.8966 
65.8814 65.8707 65.8638 65.846 65.8392 65.8323 65.8253 65.8184 65.8116 65.8047 65.7979 65.7973 65.7905 65.7845 65.7777 65.7709 65.7641 65.7572 65.7504 65.7436 
65.8528 65.8358 65.8289 65.8207 65.8139 65.8071 65.7899 65.7831 65.7763 65.7694 65.7783 65.771 65.7642 65.7573 65.7505 65.7376 65.7193 65.7125 65.6898 65.683 
65.6762 65.6694 65.6549 65.7975 65.7755 65.7687 65.7619 65.7551 65.7299 65.7231 65.713 65.7062 65.6982 65.6769 65.6702 65.6634 65.6523 65.6456 65.6379 65.6311 
65.6726 65.6658 65.65 65.6432 65.6365 65.6297 65.6229 65.588 65.5812 65.5745 65.5604 65.7148 65.708 65.6949 65.6881 65.6813 65.6746 65.6678 65.6485 65.6417 
65.627 65.6009 65.5908 65.584 65.5773 65.5705 65.5638 65.557 65.5668 65.56 65.5533 65.5465 65.5398 65.6249 65.6181 65.6053 65.5955 65.573 65.567 65.5602 
65.5535 65.5467 65.54 65.5323 65.5255 65.5188 65.664 65.6573 65.6505 65.6438 65.6211 65.6143 65.6076 65.6008 65.5941 65.5874 65.5806 65.5739 65.5672 65.5604 
65.5423 65.5356 65.5255 65.5187 65.512 65.4989 65.4921 65.4854 65.4787 65.472 65.4653 65.5034 65.4882 65.4814 65.4726 65.4659 65.4592 65.4422 65.4355 65.4288 
65.4213 65.4146 65.4079 65.3817 65.3653 65.3586 65.352 65.494 65.4873 65.4751 65.4536 65.445 65.4608 65.4541 65.4474 65.4365 65.4233 65.4166 65.4099 65.4025 
65.3958 65.3891 65.3825 65.3758 65.3691 65.3624 65.3557 65.3491 65.3424 65.3357 65.3677 65.361 65.3466 65.3424 65.3358 65.3184 65.3117 65.3051 65.2977 65.291 
65.2774 65.2648 65.2578 65.2512 65.2445 65.2378 65.2312 65.2244 65.2178 65.2326 65.2312 65.2245 65.2175 65.2109 65.2042 65.1976 65.1909 65.1773 65.1707 65.1641 
65.1574 65.1427 65.136 65.1294 65.1222 65.1155 65.1089 65.0849 65.0782 65.0679 65.0613 65.0547 65.048 65.0414 65.0348 65.0282 65.0173 65.1285 65.1218 65.1152 
65.1086 65.666 65.6593 65.6526 65.6598 65.6485 65.6418 65.6249 65.6183 65.6116 65.605 65.5891 65.5824 65.5758 65.5691 66.5948 66.5881 66.5813 66.6492 66.6407 
66.634 66.6258 66.6181 66.6114 66.6016 66.5876 66.5808 66.571 66.5805 66.5954 66.5875 66.5807 66.574 66.5446 66.5378 66.5311 66.5153 66.5086 66.5019 66.4951 
66.4873 66.4785 66.5031 66.4785 66.4598 66.453 66.4463 66.422 66.4144 66.4076 66.4009 66.3942 66.3875 66.3961 66.3894 66.3817 66.3735 66.3668 66.3505 66.3526 
66.3372 66.3569 66.3472 66.408 66.4011 66.3944 66.3753 66.3686 66.3564 66.3497 66.3314 66.3204 66.3103 66.3005 66.2938 66.2794 66.3738 66.3671 66.3617 66.355 
66.3466 66.4362 66.4295 66.4228 66.4161 66.4107 66.3923 66.4102 66.3988 66.3919 66.3852 66.3743 66.3548 66.3329 66.3262 66.3195 66.3129 66.4357 66.429 66.4223 
66.6525 66.7485 66.7374 66.7307 66.7122 66.7031 66.6964 66.6748 66.6681 66.6597 66.6456 66.6389 66.6322 66.6255 66.6108 66.5909 66.5843 66.5589 66.5513 66.5446 
66.5432 66.5354 66.5287 66.522 66.5153 66.5087 66.502 66.4953 66.4886 66.482 66.4753 66.4686 66.462 66.4577 66.4511 66.4444 66.4366 66.4274 66.4483 66.4225 
66.4159 66.4092 66.4026 66.3959 66.3893 66.3826 66.376 66.3498 66.3432 66.3365 66.3737 66.406 66.3985 66.3918 66.3814 66.3697 66.3631 66.3558 66.3491 